1,2,935.45,207.38,21.34,5.96,1,-1,-1,-1
1,1,109.25,352.51,15.00,4.54,1,-1,-1,-1
2,2,933.41,208.17,22.08,6.67,1,-1,-1,-1
2,1,105.34,352.69,17.16,5.26,1,-1,-1,-1
3,2,930.22,208.46,22.44,6.59,1,-1,-1,-1
3,1,103.31,353.18,17.29,5.32,1,-1,-1,-1
4,2,928.03,208.21,21.10,6.01,1,-1,-1,-1
4,1,100.52,353.61,16.66,5.41,1,-1,-1,-1
5,2,926.39,208.74,20.75,5.66,1,-1,-1,-1
5,1,98.72,354.52,16.69,5.28,1,-1,-1,-1
6,2,925.03,209.66,20.11,5.42,1,-1,-1,-1
6,1,96.74,355.15,16.43,5.21,1,-1,-1,-1
7,2,921.94,210.15,19.61,5.20,1,-1,-1,-1
7,1,93.16,355.30,17.18,5.68,1,-1,-1,-1
8,2,917.87,210.12,20.77,5.57,1,-1,-1,-1
8,1,90.66,355.73,17.50,5.80,1,-1,-1,-1
9,2,915.78,210.70,20.94,5.69,1,-1,-1,-1
9,1,89.23,355.93,16.96,5.65,1,-1,-1,-1
10,2,913.44,210.40,21.42,6.00,1,-1,-1,-1
10,1,87.61,356.25,16.02,5.76,1,-1,-1,-1
11,2,911.98,210.87,21.41,5.93,1,-1,-1,-1
11,1,84.16,357.60,16.23,5.90,1,-1,-1,-1
12,2,910.80,211.35,20.52,5.69,1,-1,-1,-1
13,2,908.47,211.52,20.26,5.47,1,-1,-1,-1
15,1,74.64,359.31,15.46,5.21,1,-1,-1,-1
16,1,73.26,359.98,15.07,4.94,1,-1,-1,-1
17,3,37.28,397.51,17.98,7.31,1,-1,-1,-1
17,1,69.86,360.94,15.61,5.12,1,-1,-1,-1
18,1,66.69,361.56,16.22,5.32,1,-1,-1,-1
19,1,64.03,362.07,15.22,5.11,1,-1,-1,-1
20,4,711.14,983.65,4.86,5.27,1,-1,-1,-1
20,2,887.00,215.26,21.67,5.86,1,-1,-1,-1
20,1,61.16,362.36,15.37,5.18,1,-1,-1,-1
21,5,323.43,644.16,3.10,5.85,1,-1,-1,-1
21,4,711.47,983.73,4.58,5.00,1,-1,-1,-1
21,2,884.52,215.38,22.25,5.97,1,-1,-1,-1
21,1,58.29,363.19,15.30,5.03,1,-1,-1,-1
22,5,323.87,645.93,3.12,5.90,1,-1,-1,-1
22,4,711.28,983.42,4.70,5.11,1,-1,-1,-1
22,2,881.74,215.69,22.55,6.19,1,-1,-1,-1
22,1,56.83,363.74,15.57,5.19,1,-1,-1,-1
23,5,323.89,646.72,3.12,5.85,1,-1,-1,-1
23,4,711.18,983.42,4.78,5.14,1,-1,-1,-1
23,2,879.17,215.77,22.94,6.41,1,-1,-1,-1
23,1,54.23,364.15,15.60,5.46,1,-1,-1,-1
24,6,695.64,255.21,24.38,5.85,1,-1,-1,-1
24,5,324.06,647.56,3.21,5.83,1,-1,-1,-1
24,4,711.33,983.50,4.72,5.21,1,-1,-1,-1
24,2,877.82,215.86,22.71,6.50,1,-1,-1,-1
25,6,698.14,255.45,23.96,5.72,1,-1,-1,-1
25,5,324.02,648.56,3.20,5.89,1,-1,-1,-1
25,4,711.27,983.55,4.74,5.19,1,-1,-1,-1
25,2,874.72,216.46,23.14,6.51,1,-1,-1,-1
26,7,297.80,526.19,3.80,7.20,1,-1,-1,-1
26,6,699.77,254.84,24.29,5.87,1,-1,-1,-1
26,5,324.02,649.57,3.15,5.77,1,-1,-1,-1
26,4,711.19,983.75,4.79,5.23,1,-1,-1,-1
26,2,871.85,216.99,23.40,6.51,1,-1,-1,-1
27,7,298.18,528.67,3.61,6.59,1,-1,-1,-1
27,6,703.17,254.54,23.20,5.75,1,-1,-1,-1
27,5,324.10,650.40,3.22,5.50,1,-1,-1,-1
27,4,711.20,983.63,4.78,5.09,1,-1,-1,-1
27,2,869.89,216.95,23.35,6.59,1,-1,-1,-1
27,1,44.02,367.12,15.42,5.42,1,-1,-1,-1
28,7,298.86,530.30,3.42,6.14,1,-1,-1,-1
28,6,705.79,254.29,22.54,5.76,1,-1,-1,-1
28,5,324.14,651.58,3.31,5.34,1,-1,-1,-1
28,2,867.23,217.64,23.18,6.36,1,-1,-1,-1
28,1,41.86,367.78,15.92,5.69,1,-1,-1,-1
29,7,299.26,531.76,3.47,6.29,1,-1,-1,-1
29,6,708.27,252.66,22.36,5.86,1,-1,-1,-1
29,5,324.15,652.14,3.44,5.41,1,-1,-1,-1
29,3,71.24,385.70,17.15,5.83,1,-1,-1,-1
29,2,864.55,218.02,23.08,6.35,1,-1,-1,-1
29,1,39.14,367.85,15.86,5.80,1,-1,-1,-1
30,7,299.27,533.52,3.52,6.43,1,-1,-1,-1
30,6,711.33,251.25,21.58,5.52,1,-1,-1,-1
30,3,74.21,385.19,17.03,5.67,1,-1,-1,-1
30,2,862.75,217.87,22.89,6.21,1,-1,-1,-1
30,1,36.76,368.17,15.83,5.77,1,-1,-1,-1
31,7,299.74,535.17,3.50,6.56,1,-1,-1,-1
31,6,713.83,251.03,21.45,5.45,1,-1,-1,-1
31,4,711.21,983.66,4.78,5.21,1,-1,-1,-1
31,3,76.48,384.91,16.63,5.54,1,-1,-1,-1
31,2,860.12,218.79,22.85,5.93,1,-1,-1,-1
31,1,34.47,369.22,15.99,5.53,1,-1,-1,-1
32,7,299.90,536.80,3.39,6.32,1,-1,-1,-1
32,6,715.89,251.14,21.91,5.43,1,-1,-1,-1
32,4,711.20,983.62,4.80,5.24,1,-1,-1,-1
32,3,77.76,385.04,16.90,5.66,1,-1,-1,-1
32,2,857.67,218.46,22.56,6.12,1,-1,-1,-1
32,1,32.58,369.63,15.78,5.50,1,-1,-1,-1
33,7,300.12,538.43,3.44,6.09,1,-1,-1,-1
33,6,716.77,249.21,23.04,5.80,1,-1,-1,-1
33,5,324.21,656.77,4.18,5.46,1,-1,-1,-1
33,4,711.26,983.53,4.79,5.39,1,-1,-1,-1
33,3,81.18,384.27,17.41,5.77,1,-1,-1,-1
33,2,855.24,219.05,22.77,5.95,1,-1,-1,-1
33,1,29.33,369.67,15.69,5.49,1,-1,-1,-1
34,7,300.26,540.00,3.85,6.94,1,-1,-1,-1
34,6,719.07,249.35,22.86,5.98,1,-1,-1,-1
34,5,324.16,657.53,4.33,5.54,1,-1,-1,-1
34,4,711.11,983.39,4.87,5.44,1,-1,-1,-1
34,3,83.41,384.16,16.90,5.61,1,-1,-1,-1
34,2,852.09,219.66,23.42,5.99,1,-1,-1,-1
34,1,26.89,370.49,15.78,5.47,1,-1,-1,-1
35,7,300.22,541.03,3.98,7.25,1,-1,-1,-1
35,6,722.43,250.05,22.27,5.75,1,-1,-1,-1
35,5,324.19,658.45,4.53,5.46,1,-1,-1,-1
35,4,711.17,983.60,4.84,5.36,1,-1,-1,-1
35,3,85.04,384.14,16.19,5.45,1,-1,-1,-1
35,2,850.09,219.82,23.21,5.86,1,-1,-1,-1
35,1,24.78,371.02,16.00,5.80,1,-1,-1,-1
36,7,300.25,543.06,4.14,7.01,1,-1,-1,-1
36,6,724.83,250.49,22.51,5.83,1,-1,-1,-1
36,4,711.24,983.61,4.79,5.22,1,-1,-1,-1
36,2,847.14,220.25,23.36,6.20,1,-1,-1,-1
36,1,22.44,371.40,15.66,5.92,1,-1,-1,-1
37,7,300.26,544.98,4.31,6.81,1,-1,-1,-1
37,6,726.94,249.79,22.68,5.94,1,-1,-1,-1
37,4,711.32,983.67,4.74,5.31,1,-1,-1,-1
37,2,844.62,221.41,23.24,6.20,1,-1,-1,-1
37,1,19.88,371.67,15.85,5.96,1,-1,-1,-1
38,7,300.27,547.05,4.53,6.19,1,-1,-1,-1
38,6,729.27,249.57,22.81,5.95,1,-1,-1,-1
38,4,711.25,983.83,4.77,5.36,1,-1,-1,-1
38,2,842.03,222.30,23.71,6.20,1,-1,-1,-1
38,1,17.83,371.98,15.78,6.29,1,-1,-1,-1
39,6,731.19,249.40,23.03,6.03,1,-1,-1,-1
39,2,839.53,222.99,23.14,5.99,1,-1,-1,-1
39,1,14.25,373.18,15.50,6.49,1,-1,-1,-1
40,6,734.80,248.65,22.21,5.87,1,-1,-1,-1
40,2,837.09,223.31,22.97,5.81,1,-1,-1,-1
40,1,11.66,373.47,15.67,6.69,1,-1,-1,-1
41,6,736.91,248.26,22.02,5.88,1,-1,-1,-1
41,2,834.18,223.63,22.97,5.71,1,-1,-1,-1
41,1,9.44,374.82,16.10,6.50,1,-1,-1,-1
42,6,739.34,248.21,22.20,5.99,1,-1,-1,-1
42,4,711.53,983.95,4.54,5.17,1,-1,-1,-1
42,2,832.13,223.75,22.27,5.51,1,-1,-1,-1
42,1,6.75,375.31,15.90,6.19,1,-1,-1,-1
43,6,741.71,248.05,22.26,6.00,1,-1,-1,-1
43,4,711.59,984.16,4.48,5.09,1,-1,-1,-1
43,2,830.35,223.91,21.96,5.26,1,-1,-1,-1
43,1,3.95,376.01,15.48,5.88,1,-1,-1,-1
44,6,743.95,247.54,22.41,5.83,1,-1,-1,-1
44,5,327.11,665.73,5.15,5.71,1,-1,-1,-1
44,4,711.60,984.18,4.46,5.15,1,-1,-1,-1
44,2,826.36,225.43,22.61,5.17,1,-1,-1,-1
44,1,1.92,376.31,15.26,5.73,1,-1,-1,-1
45,6,746.33,247.54,22.66,5.80,1,-1,-1,-1
45,5,327.23,666.50,5.05,5.54,1,-1,-1,-1
45,4,711.53,984.01,4.48,5.13,1,-1,-1,-1
45,2,823.58,225.84,23.33,5.23,1,-1,-1,-1
45,1,-0.04,376.73,15.06,5.87,1,-1,-1,-1
46,6,748.91,247.45,22.67,5.76,1,-1,-1,-1
46,5,327.40,667.29,4.90,5.45,1,-1,-1,-1
46,4,711.55,984.12,4.47,5.11,1,-1,-1,-1
46,2,821.15,225.83,23.40,5.26,1,-1,-1,-1
46,1,-0.51,376.63,13.85,5.53,1,-1,-1,-1
47,6,750.90,247.31,23.08,5.91,1,-1,-1,-1
47,5,327.76,668.00,4.63,5.49,1,-1,-1,-1
47,4,711.66,984.17,4.40,4.98,1,-1,-1,-1
47,2,819.14,226.14,23.01,5.15,1,-1,-1,-1
47,1,-1.27,377.78,12.94,5.23,1,-1,-1,-1
48,6,753.31,246.97,23.27,6.09,1,-1,-1,-1
48,5,327.76,668.57,4.59,5.90,1,-1,-1,-1
48,4,711.51,984.05,4.47,4.99,1,-1,-1,-1
48,2,816.31,225.94,23.27,5.22,1,-1,-1,-1
48,1,-2.05,378.93,11.54,4.93,1,-1,-1,-1
49,8,304.69,564.03,3.58,6.13,1,-1,-1,-1
49,6,755.40,246.64,23.32,5.94,1,-1,-1,-1
49,5,328.00,669.89,4.37,5.92,1,-1,-1,-1
49,4,711.54,984.11,4.47,5.05,1,-1,-1,-1
49,3,122.19,371.12,18.44,6.16,1,-1,-1,-1
49,2,814.26,226.67,23.23,5.21,1,-1,-1,-1
50,8,304.83,565.64,3.58,6.35,1,-1,-1,-1
50,6,757.29,246.46,23.56,5.94,1,-1,-1,-1
50,5,328.17,670.86,4.18,5.83,1,-1,-1,-1
50,4,711.57,984.15,4.47,5.07,1,-1,-1,-1
50,3,124.92,370.46,19.03,6.36,1,-1,-1,-1
50,2,811.32,227.20,23.19,5.09,1,-1,-1,-1
51,8,305.43,567.15,3.67,6.30,1,-1,-1,-1
51,6,760.39,246.57,22.88,5.78,1,-1,-1,-1
51,5,328.29,671.54,4.02,5.68,1,-1,-1,-1
51,4,711.53,984.13,4.48,5.13,1,-1,-1,-1
51,3,127.57,369.38,19.54,6.53,1,-1,-1,-1
51,2,808.84,227.39,22.96,5.02,1,-1,-1,-1
52,8,305.94,569.18,3.30,5.80,1,-1,-1,-1
52,6,761.84,247.09,22.44,5.55,1,-1,-1,-1
52,5,328.49,672.88,3.84,5.34,1,-1,-1,-1
52,4,711.49,984.09,4.50,5.06,1,-1,-1,-1
52,3,130.07,368.63,19.11,6.51,1,-1,-1,-1
52,2,806.37,227.78,22.84,5.05,1,-1,-1,-1
53,8,306.28,570.31,3.17,5.80,1,-1,-1,-1
53,6,764.46,246.02,22.96,5.93,1,-1,-1,-1
53,5,328.51,673.70,3.75,5.26,1,-1,-1,-1
53,4,711.57,984.13,4.46,5.10,1,-1,-1,-1
53,3,132.33,368.13,19.28,6.59,1,-1,-1,-1
53,2,803.32,228.20,23.23,5.39,1,-1,-1,-1
54,8,306.29,571.48,3.31,5.99,1,-1,-1,-1
54,6,767.18,245.87,22.90,6.01,1,-1,-1,-1
54,5,328.62,674.49,3.63,5.16,1,-1,-1,-1
54,4,711.53,984.27,4.48,5.11,1,-1,-1,-1
54,3,134.49,367.83,19.22,6.70,1,-1,-1,-1
54,2,800.63,228.36,23.27,5.71,1,-1,-1,-1
55,8,306.80,574.01,3.08,5.71,1,-1,-1,-1
55,6,769.43,244.38,23.09,6.13,1,-1,-1,-1
55,5,328.84,675.02,3.48,5.10,1,-1,-1,-1
55,4,711.47,984.16,4.51,5.06,1,-1,-1,-1
55,3,137.59,366.93,18.75,6.87,1,-1,-1,-1
55,2,797.97,228.29,23.46,5.84,1,-1,-1,-1
56,8,307.06,575.04,3.14,5.97,1,-1,-1,-1
56,6,771.40,243.81,23.04,6.20,1,-1,-1,-1
56,5,329.00,675.54,3.36,5.13,1,-1,-1,-1
56,4,711.45,984.21,4.53,5.05,1,-1,-1,-1
56,3,140.61,366.54,19.01,7.14,1,-1,-1,-1
56,2,795.78,229.71,22.94,5.81,1,-1,-1,-1
57,8,307.28,576.60,3.09,5.90,1,-1,-1,-1
57,6,773.49,243.34,22.76,6.28,1,-1,-1,-1
57,5,329.21,676.12,3.25,5.19,1,-1,-1,-1
57,4,711.44,984.24,4.54,5.00,1,-1,-1,-1
57,3,143.80,365.73,19.49,7.43,1,-1,-1,-1
57,2,793.68,230.29,22.34,5.76,1,-1,-1,-1
58,8,307.77,577.68,3.08,5.90,1,-1,-1,-1
58,6,776.25,242.50,22.73,5.97,1,-1,-1,-1
58,5,329.29,676.45,3.18,5.36,1,-1,-1,-1
58,4,711.48,984.46,4.54,5.12,1,-1,-1,-1
58,3,146.41,364.26,19.80,7.58,1,-1,-1,-1
58,2,789.14,230.59,23.40,5.68,1,-1,-1,-1
59,8,307.82,579.10,3.11,5.90,1,-1,-1,-1
59,5,329.46,676.58,3.15,5.58,1,-1,-1,-1
59,4,711.47,984.50,4.54,5.05,1,-1,-1,-1
59,3,148.73,363.46,20.68,7.57,1,-1,-1,-1
59,2,784.68,230.77,24.45,5.62,1,-1,-1,-1
60,5,329.65,677.76,3.15,5.80,1,-1,-1,-1
60,4,711.58,984.54,4.48,5.08,1,-1,-1,-1
60,3,151.82,362.62,20.54,7.74,1,-1,-1,-1
60,2,783.21,230.87,23.93,5.54,1,-1,-1,-1
61,5,329.70,678.71,3.15,5.75,1,-1,-1,-1
61,4,711.52,984.47,4.50,5.09,1,-1,-1,-1
61,3,153.82,362.06,20.09,7.67,1,-1,-1,-1
61,2,780.24,230.96,24.22,5.61,1,-1,-1,-1
62,5,329.84,679.69,3.04,5.61,1,-1,-1,-1
62,4,711.54,984.35,4.50,5.26,1,-1,-1,-1
62,3,156.71,361.01,20.87,8.00,1,-1,-1,-1
62,2,778.85,231.88,24.76,5.63,1,-1,-1,-1
63,8,308.31,585.37,3.86,6.01,1,-1,-1,-1
63,5,330.20,680.47,2.89,5.45,1,-1,-1,-1
63,4,711.79,984.39,4.38,5.27,1,-1,-1,-1
63,3,158.78,361.06,21.26,7.67,1,-1,-1,-1
63,2,777.21,232.05,25.34,5.64,1,-1,-1,-1
64,8,308.41,586.73,4.41,6.84,1,-1,-1,-1
64,5,330.35,681.00,2.81,5.35,1,-1,-1,-1
64,4,711.68,984.32,4.41,5.28,1,-1,-1,-1
64,3,161.26,360.36,21.20,7.56,1,-1,-1,-1
64,2,774.15,232.11,25.94,5.71,1,-1,-1,-1
65,6,793.21,240.55,22.82,5.43,1,-1,-1,-1
65,5,330.54,681.61,2.74,5.29,1,-1,-1,-1
65,4,711.57,984.24,4.46,5.25,1,-1,-1,-1
65,3,163.96,359.59,21.52,7.65,1,-1,-1,-1
65,2,770.83,232.68,25.69,5.72,1,-1,-1,-1
66,6,795.46,240.47,22.94,5.33,1,-1,-1,-1
66,5,330.63,682.17,2.66,5.31,1,-1,-1,-1
66,4,711.51,984.40,4.49,5.13,1,-1,-1,-1
66,3,166.99,358.95,21.13,7.34,1,-1,-1,-1
66,2,768.42,232.94,24.97,5.73,1,-1,-1,-1
67,6,798.45,240.31,22.91,5.28,1,-1,-1,-1
67,5,330.60,682.76,2.63,5.18,1,-1,-1,-1
67,4,711.51,984.42,4.50,5.13,1,-1,-1,-1
67,3,169.67,358.68,20.56,7.05,1,-1,-1,-1
67,2,766.63,233.01,24.20,5.71,1,-1,-1,-1
68,6,800.51,240.01,22.17,5.18,1,-1,-1,-1
68,5,330.56,683.24,2.71,5.17,1,-1,-1,-1
68,4,711.52,984.35,4.50,5.22,1,-1,-1,-1
68,3,173.37,358.47,20.87,7.09,1,-1,-1,-1
68,2,764.36,233.48,24.01,5.57,1,-1,-1,-1
69,6,802.41,239.75,22.43,4.95,1,-1,-1,-1
69,5,330.56,683.90,2.81,5.28,1,-1,-1,-1
69,4,711.60,984.41,4.47,5.43,1,-1,-1,-1
69,3,175.96,357.86,20.95,7.17,1,-1,-1,-1
69,2,761.17,233.95,23.98,5.38,1,-1,-1,-1
70,8,310.86,595.47,5.08,6.74,1,-1,-1,-1
70,6,805.26,239.75,22.92,5.16,1,-1,-1,-1
70,5,330.67,684.29,2.90,5.44,1,-1,-1,-1
70,4,711.51,984.59,4.51,5.51,1,-1,-1,-1
70,3,178.88,356.24,20.41,6.99,1,-1,-1,-1
70,2,758.97,234.75,23.49,5.17,1,-1,-1,-1
71,6,808.05,239.71,23.52,5.47,1,-1,-1,-1
71,5,330.55,684.62,3.09,5.92,1,-1,-1,-1
71,4,711.45,984.50,4.55,5.45,1,-1,-1,-1
71,3,181.14,355.58,20.83,7.20,1,-1,-1,-1
71,2,756.76,235.39,23.18,4.94,1,-1,-1,-1
72,6,810.28,239.06,23.91,5.56,1,-1,-1,-1
72,5,330.73,685.45,3.07,6.14,1,-1,-1,-1
72,4,711.38,984.37,4.60,5.53,1,-1,-1,-1
72,3,184.65,354.44,19.97,7.05,1,-1,-1,-1
72,2,753.72,235.17,23.67,5.19,1,-1,-1,-1
73,6,812.23,238.55,24.02,5.70,1,-1,-1,-1
73,5,330.90,686.14,3.03,6.13,1,-1,-1,-1
73,4,711.43,984.53,4.58,5.46,1,-1,-1,-1
73,3,187.32,354.78,19.71,7.01,1,-1,-1,-1
73,2,750.96,235.60,23.28,5.21,1,-1,-1,-1
74,8,312.12,601.74,4.31,6.61,1,-1,-1,-1
74,6,814.94,238.40,24.05,5.80,1,-1,-1,-1
74,5,331.01,686.64,2.99,6.10,1,-1,-1,-1
74,4,711.48,984.55,4.55,5.38,1,-1,-1,-1
74,3,189.73,354.08,20.74,6.95,1,-1,-1,-1
74,2,748.07,235.88,23.35,5.20,1,-1,-1,-1
75,8,312.30,603.25,4.27,6.78,1,-1,-1,-1
75,6,817.66,238.04,23.95,5.90,1,-1,-1,-1
75,5,331.26,687.23,2.95,5.90,1,-1,-1,-1
75,3,192.55,353.05,20.46,6.92,1,-1,-1,-1
75,2,745.34,236.05,23.68,5.28,1,-1,-1,-1
76,8,312.49,604.19,4.13,6.77,1,-1,-1,-1
76,6,819.48,236.47,24.04,5.95,1,-1,-1,-1
76,5,331.43,687.88,2.98,5.77,1,-1,-1,-1
76,3,195.57,352.81,20.13,6.75,1,-1,-1,-1
76,2,742.44,236.33,23.87,5.57,1,-1,-1,-1
77,8,312.61,605.52,4.19,7.42,1,-1,-1,-1
77,6,822.01,235.70,23.82,6.13,1,-1,-1,-1
77,5,331.39,688.26,3.12,5.84,1,-1,-1,-1
77,3,198.17,352.31,20.44,6.90,1,-1,-1,-1
77,2,739.98,236.34,24.13,5.76,1,-1,-1,-1
78,8,313.04,607.08,4.06,7.23,1,-1,-1,-1
78,6,824.70,235.32,23.39,6.05,1,-1,-1,-1
78,5,331.60,688.81,3.04,5.69,1,-1,-1,-1
78,4,711.54,984.64,4.50,5.16,1,-1,-1,-1
78,3,200.97,351.48,20.44,7.02,1,-1,-1,-1
78,2,737.22,236.40,24.31,6.01,1,-1,-1,-1
79,8,313.55,608.84,3.82,7.03,1,-1,-1,-1
79,6,827.15,235.62,23.25,6.17,1,-1,-1,-1
79,5,331.79,689.37,3.00,5.56,1,-1,-1,-1
79,4,711.60,984.80,4.45,5.08,1,-1,-1,-1
79,3,203.74,351.42,20.15,6.93,1,-1,-1,-1
79,2,734.17,237.83,23.83,5.87,1,-1,-1,-1
80,8,313.73,609.91,3.68,6.98,1,-1,-1,-1
80,6,829.06,235.22,22.58,5.70,1,-1,-1,-1
80,5,331.90,689.93,2.99,5.32,1,-1,-1,-1
80,3,206.61,350.72,20.72,7.17,1,-1,-1,-1
80,2,731.29,238.69,23.82,5.65,1,-1,-1,-1
81,8,314.14,611.35,3.54,6.62,1,-1,-1,-1
81,6,831.89,235.01,22.15,5.51,1,-1,-1,-1
81,5,331.89,690.41,2.94,5.26,1,-1,-1,-1
81,3,209.02,350.15,20.88,7.33,1,-1,-1,-1
81,2,729.02,239.72,23.19,5.50,1,-1,-1,-1
82,8,314.46,612.87,3.40,6.80,1,-1,-1,-1
82,6,834.03,235.13,21.80,5.46,1,-1,-1,-1
82,5,332.05,690.87,3.02,5.11,1,-1,-1,-1
82,3,211.60,349.49,21.05,7.17,1,-1,-1,-1
82,2,726.02,240.03,23.62,5.58,1,-1,-1,-1
83,8,314.57,614.23,3.36,6.76,1,-1,-1,-1
83,6,836.33,234.24,21.52,5.42,1,-1,-1,-1
83,5,332.05,690.96,3.02,5.17,1,-1,-1,-1
83,4,711.49,984.72,4.51,5.18,1,-1,-1,-1
83,3,214.00,349.08,21.58,7.13,1,-1,-1,-1
83,2,722.81,240.57,24.18,5.55,1,-1,-1,-1
84,8,314.81,615.09,3.38,6.80,1,-1,-1,-1
84,6,839.43,233.23,21.83,5.66,1,-1,-1,-1
84,5,332.10,691.72,3.09,5.26,1,-1,-1,-1
84,4,711.57,984.80,4.46,5.08,1,-1,-1,-1
84,3,217.36,347.75,20.73,6.87,1,-1,-1,-1
84,2,720.30,240.73,23.78,5.58,1,-1,-1,-1
85,8,314.74,615.63,3.51,7.34,1,-1,-1,-1
85,6,841.89,232.10,21.91,5.61,1,-1,-1,-1
85,5,332.15,692.14,3.22,5.38,1,-1,-1,-1
85,3,220.60,347.49,20.73,7.02,1,-1,-1,-1
85,2,718.25,240.58,23.37,5.62,1,-1,-1,-1
86,8,315.33,617.62,3.41,6.92,1,-1,-1,-1
86,6,844.56,232.19,22.37,5.69,1,-1,-1,-1
86,5,332.03,692.50,3.23,5.73,1,-1,-1,-1
86,3,223.32,347.27,19.94,6.73,1,-1,-1,-1
86,2,715.84,240.87,23.24,5.59,1,-1,-1,-1
87,8,315.52,618.92,3.40,6.68,1,-1,-1,-1
87,6,847.89,232.06,21.86,5.62,1,-1,-1,-1
87,5,332.00,693.93,3.19,5.69,1,-1,-1,-1
87,3,225.92,346.52,19.24,6.49,1,-1,-1,-1
87,2,713.18,241.24,23.16,5.55,1,-1,-1,-1
88,6,849.88,232.14,21.57,5.55,1,-1,-1,-1
88,5,332.03,694.60,3.21,5.57,1,-1,-1,-1
88,3,228.19,346.47,18.64,6.26,1,-1,-1,-1
88,2,710.52,241.88,23.06,5.52,1,-1,-1,-1
89,6,852.46,232.18,21.55,5.49,1,-1,-1,-1
89,5,332.07,694.50,3.28,5.81,1,-1,-1,-1
89,4,711.48,984.84,4.49,5.08,1,-1,-1,-1
89,2,707.05,242.46,23.44,5.37,1,-1,-1,-1
90,6,855.75,231.98,21.68,5.41,1,-1,-1,-1
90,5,332.09,694.69,3.35,5.85,1,-1,-1,-1
90,2,704.76,242.68,23.38,5.52,1,-1,-1,-1
91,8,316.22,625.22,3.79,5.71,1,-1,-1,-1
91,6,857.93,231.68,20.87,5.38,1,-1,-1,-1
91,5,332.14,695.46,3.50,5.57,1,-1,-1,-1
91,2,701.88,243.37,23.30,5.51,1,-1,-1,-1
92,6,860.34,231.57,20.92,5.21,1,-1,-1,-1
92,5,332.21,696.10,3.72,5.27,1,-1,-1,-1
92,3,239.03,344.61,17.38,6.32,1,-1,-1,-1
92,2,699.22,243.65,23.37,5.52,1,-1,-1,-1
93,6,862.40,231.91,20.42,5.15,1,-1,-1,-1
93,5,332.12,696.47,3.75,5.37,1,-1,-1,-1
93,4,711.70,985.13,4.34,4.85,1,-1,-1,-1
93,3,241.16,343.68,17.51,6.04,1,-1,-1,-1
93,2,695.98,243.74,24.03,5.74,1,-1,-1,-1
94,6,865.33,231.87,20.03,5.09,1,-1,-1,-1
94,5,332.08,696.93,3.78,5.45,1,-1,-1,-1
94,4,711.68,985.16,4.39,5.06,1,-1,-1,-1
94,3,243.23,343.87,17.15,5.80,1,-1,-1,-1
94,2,693.72,243.88,23.92,5.80,1,-1,-1,-1
95,6,867.45,231.69,19.97,4.87,1,-1,-1,-1
95,5,332.16,697.37,3.96,5.22,1,-1,-1,-1
95,4,711.63,985.03,4.40,5.13,1,-1,-1,-1
95,3,245.30,343.80,15.63,5.44,1,-1,-1,-1
95,2,690.70,244.02,24.15,5.82,1,-1,-1,-1
96,6,869.75,231.36,19.24,4.81,1,-1,-1,-1
96,5,332.02,697.61,3.87,5.21,1,-1,-1,-1
96,2,688.55,244.01,23.80,5.78,1,-1,-1,-1
97,6,873.08,231.20,19.17,4.87,1,-1,-1,-1
97,5,332.11,697.88,4.02,5.26,1,-1,-1,-1
97,2,686.13,244.31,23.87,6.15,1,-1,-1,-1
98,6,875.37,230.91,19.40,5.03,1,-1,-1,-1
98,5,332.11,698.20,4.09,5.23,1,-1,-1,-1
98,2,683.26,245.27,24.00,6.29,1,-1,-1,-1
99,5,332.10,698.71,4.18,5.01,1,-1,-1,-1
99,4,711.61,984.96,4.42,5.26,1,-1,-1,-1
99,2,680.73,245.63,24.10,6.38,1,-1,-1,-1
100,5,332.10,699.10,4.25,4.92,1,-1,-1,-1
100,4,711.64,984.99,4.40,5.14,1,-1,-1,-1
100,2,678.01,246.65,23.76,6.29,1,-1,-1,-1
101,5,332.13,699.46,4.37,4.95,1,-1,-1,-1
101,2,674.81,246.52,23.98,6.33,1,-1,-1,-1
102,6,884.37,227.92,19.10,5.49,1,-1,-1,-1
102,5,332.20,699.83,4.58,5.10,1,-1,-1,-1
102,2,672.55,247.06,23.47,6.23,1,-1,-1,-1
103,8,319.82,641.24,4.40,6.06,1,-1,-1,-1
103,6,887.53,227.86,18.16,5.55,1,-1,-1,-1
103,5,332.12,699.97,4.67,5.37,1,-1,-1,-1
103,2,670.07,247.46,23.30,6.08,1,-1,-1,-1
104,8,319.97,642.92,4.29,5.99,1,-1,-1,-1
104,5,332.12,700.18,4.82,5.72,1,-1,-1,-1
104,4,711.79,985.19,4.25,5.06,1,-1,-1,-1
104,2,666.87,248.09,23.68,6.09,1,-1,-1,-1
105,8,320.10,643.67,4.18,6.09,1,-1,-1,-1
105,5,332.10,700.30,4.91,5.92,1,-1,-1,-1
105,4,711.74,985.24,4.28,5.09,1,-1,-1,-1
105,2,664.35,248.28,23.41,6.08,1,-1,-1,-1
106,8,320.28,644.36,4.07,6.14,1,-1,-1,-1
106,4,711.79,985.46,4.24,5.08,1,-1,-1,-1
106,2,661.98,248.66,23.38,5.93,1,-1,-1,-1
107,8,320.25,645.70,4.17,6.79,1,-1,-1,-1
107,4,711.91,985.74,4.17,4.99,1,-1,-1,-1
107,2,659.31,249.36,23.13,5.72,1,-1,-1,-1
108,8,320.40,646.27,4.06,7.13,1,-1,-1,-1
108,4,711.93,985.65,4.19,5.13,1,-1,-1,-1
108,2,656.72,249.64,23.20,5.91,1,-1,-1,-1
109,8,320.76,647.78,3.88,7.15,1,-1,-1,-1
109,6,902.73,226.84,17.74,4.98,1,-1,-1,-1
109,4,711.99,985.59,4.13,5.10,1,-1,-1,-1
109,2,654.47,250.05,22.94,5.86,1,-1,-1,-1
110,10,289.05,333.04,21.43,8.00,1,-1,-1,-1
110,8,321.14,649.29,3.79,7.01,1,-1,-1,-1
110,6,904.98,226.72,17.15,4.72,1,-1,-1,-1
110,4,712.03,985.55,4.08,5.01,1,-1,-1,-1
110,2,651.63,250.51,23.12,5.71,1,-1,-1,-1
111,10,291.77,332.61,22.17,7.95,1,-1,-1,-1
111,8,321.73,651.10,3.58,6.52,1,-1,-1,-1
111,4,711.98,985.53,4.09,5.08,1,-1,-1,-1
111,2,648.70,251.26,23.08,5.64,1,-1,-1,-1
112,10,294.72,331.14,21.82,7.93,1,-1,-1,-1
112,8,321.96,651.81,3.47,6.45,1,-1,-1,-1
112,4,711.91,985.45,4.13,5.18,1,-1,-1,-1
112,2,646.31,251.47,22.93,5.46,1,-1,-1,-1
113,10,297.88,330.69,21.00,7.73,1,-1,-1,-1
113,8,322.27,653.46,3.31,6.42,1,-1,-1,-1
113,4,712.09,985.59,4.09,5.19,1,-1,-1,-1
113,2,643.35,251.85,22.93,5.41,1,-1,-1,-1
114,10,300.20,330.91,21.03,7.77,1,-1,-1,-1
114,4,712.06,985.58,4.12,5.28,1,-1,-1,-1
114,2,641.19,251.84,22.75,5.41,1,-1,-1,-1
115,10,302.99,330.58,21.08,7.98,1,-1,-1,-1
115,4,712.04,985.53,4.13,5.31,1,-1,-1,-1
115,2,639.26,251.91,22.46,5.47,1,-1,-1,-1
116,10,305.95,329.89,20.81,7.69,1,-1,-1,-1
116,4,711.95,985.48,4.15,5.21,1,-1,-1,-1
116,2,635.96,252.09,22.56,5.59,1,-1,-1,-1
117,10,308.39,328.90,21.14,7.73,1,-1,-1,-1
117,8,323.67,659.13,3.28,5.99,1,-1,-1,-1
117,4,711.93,985.54,4.14,5.24,1,-1,-1,-1
117,2,633.61,252.26,22.25,5.75,1,-1,-1,-1
118,10,311.22,327.95,20.89,7.53,1,-1,-1,-1
118,8,323.85,660.15,3.22,6.04,1,-1,-1,-1
118,4,711.96,985.61,4.15,5.27,1,-1,-1,-1
118,2,630.56,253.98,21.98,5.76,1,-1,-1,-1
119,10,314.13,327.13,20.49,7.36,1,-1,-1,-1
119,8,323.99,661.66,3.23,6.18,1,-1,-1,-1
119,4,711.99,985.67,4.14,5.32,1,-1,-1,-1
119,2,627.90,255.09,22.09,5.69,1,-1,-1,-1
120,11,992.86,201.34,13.85,4.63,1,-1,-1,-1
120,10,317.31,327.12,20.75,7.13,1,-1,-1,-1
120,4,712.07,985.71,4.10,5.25,1,-1,-1,-1
120,2,625.03,255.39,22.17,5.65,1,-1,-1,-1
121,11,990.24,201.50,13.95,4.68,1,-1,-1,-1
121,10,319.52,326.45,21.16,7.21,1,-1,-1,-1
121,4,712.12,985.66,4.02,5.22,1,-1,-1,-1
121,2,621.58,255.64,22.36,5.54,1,-1,-1,-1
122,11,987.74,202.03,13.68,4.59,1,-1,-1,-1
122,10,322.31,326.24,21.23,7.08,1,-1,-1,-1
122,4,712.06,985.63,4.14,5.39,1,-1,-1,-1
122,2,619.05,256.07,22.56,5.46,1,-1,-1,-1
123,11,985.36,202.50,13.57,4.53,1,-1,-1,-1
123,10,324.66,325.34,21.85,7.40,1,-1,-1,-1
123,4,712.17,985.85,4.11,5.31,1,-1,-1,-1
123,2,616.24,256.16,22.54,5.53,1,-1,-1,-1
124,11,982.98,202.49,13.80,4.72,1,-1,-1,-1
124,10,327.21,324.79,21.84,7.54,1,-1,-1,-1
124,4,712.25,985.80,4.07,5.35,1,-1,-1,-1
124,2,613.11,256.50,22.89,5.59,1,-1,-1,-1
125,11,980.49,202.90,14.22,4.77,1,-1,-1,-1
125,10,330.24,323.84,21.59,7.50,1,-1,-1,-1
125,6,944.40,218.93,18.52,5.49,1,-1,-1,-1
125,4,712.30,985.80,4.08,5.40,1,-1,-1,-1
125,2,610.49,257.01,22.97,5.53,1,-1,-1,-1
126,11,977.82,203.58,14.47,4.78,1,-1,-1,-1
126,10,333.35,323.02,21.52,7.43,1,-1,-1,-1
126,6,947.17,218.75,19.10,5.58,1,-1,-1,-1
126,4,712.35,985.81,4.02,5.40,1,-1,-1,-1
126,2,607.79,256.99,23.04,5.65,1,-1,-1,-1
127,11,976.30,204.12,13.98,4.95,1,-1,-1,-1
127,10,336.36,322.49,21.06,7.18,1,-1,-1,-1
127,6,948.97,218.01,19.47,5.68,1,-1,-1,-1
127,4,712.21,985.80,3.99,5.33,1,-1,-1,-1
127,2,605.53,257.47,22.94,5.56,1,-1,-1,-1
128,11,972.96,204.14,14.34,5.02,1,-1,-1,-1
128,10,339.50,321.72,20.69,6.92,1,-1,-1,-1
128,6,951.99,218.11,19.45,5.68,1,-1,-1,-1
128,4,712.36,985.93,4.02,5.17,1,-1,-1,-1
128,2,602.98,258.32,23.07,5.44,1,-1,-1,-1
129,11,971.24,204.19,14.38,5.11,1,-1,-1,-1
129,10,341.76,321.66,20.72,6.76,1,-1,-1,-1
129,6,954.76,217.30,19.43,5.56,1,-1,-1,-1
129,4,712.42,985.96,3.96,5.04,1,-1,-1,-1
129,2,599.76,258.97,23.28,5.49,1,-1,-1,-1
130,12,0.61,347.75,9.40,4.09,1,-1,-1,-1
130,10,345.06,321.06,20.18,6.71,1,-1,-1,-1
130,6,957.40,216.97,19.76,5.47,1,-1,-1,-1
130,4,712.44,986.01,4.00,5.10,1,-1,-1,-1
130,2,597.07,259.38,23.15,5.41,1,-1,-1,-1
131,12,0.75,347.89,9.00,3.96,1,-1,-1,-1
131,10,347.54,320.23,20.64,6.74,1,-1,-1,-1
131,6,959.91,217.17,19.65,5.44,1,-1,-1,-1
131,4,712.44,985.76,3.95,5.12,1,-1,-1,-1
131,2,594.25,259.78,23.01,5.35,1,-1,-1,-1
132,12,0.99,347.96,9.03,4.06,1,-1,-1,-1
132,10,351.13,319.60,20.48,6.49,1,-1,-1,-1
132,8,327.76,677.98,4.51,6.11,1,-1,-1,-1
132,4,712.65,986.01,3.87,5.02,1,-1,-1,-1
132,2,591.96,259.96,22.91,5.38,1,-1,-1,-1
133,12,0.70,347.76,9.10,4.11,1,-1,-1,-1
133,11,962.31,208.80,14.75,4.15,1,-1,-1,-1
133,10,353.80,319.07,20.21,6.46,1,-1,-1,-1
133,8,327.85,679.56,4.42,6.21,1,-1,-1,-1
133,4,712.68,985.97,3.84,5.00,1,-1,-1,-1
133,2,589.57,259.96,22.70,5.42,1,-1,-1,-1
134,12,0.58,347.84,9.41,4.25,1,-1,-1,-1
134,11,960.12,209.29,14.14,4.02,1,-1,-1,-1
134,10,356.78,318.69,20.63,6.53,1,-1,-1,-1
134,8,328.07,681.16,4.25,6.20,1,-1,-1,-1
134,4,712.68,985.93,3.80,4.97,1,-1,-1,-1
134,2,587.21,260.01,22.68,5.40,1,-1,-1,-1
135,12,0.49,347.77,9.37,4.22,1,-1,-1,-1
135,11,957.33,209.08,13.43,4.03,1,-1,-1,-1
135,10,358.79,317.90,21.08,6.75,1,-1,-1,-1
135,8,328.03,682.09,4.22,5.99,1,-1,-1,-1
135,6,970.45,215.52,20.83,5.57,1,-1,-1,-1
135,4,712.65,985.86,3.73,5.01,1,-1,-1,-1
135,2,584.31,260.34,22.58,5.69,1,-1,-1,-1
136,12,0.38,347.85,9.25,4.21,1,-1,-1,-1
136,11,954.81,209.07,13.19,3.96,1,-1,-1,-1
136,10,361.84,317.60,21.28,6.76,1,-1,-1,-1
136,8,328.20,682.89,4.09,6.34,1,-1,-1,-1
136,6,972.84,215.01,20.58,5.47,1,-1,-1,-1
136,4,712.70,985.97,3.74,4.90,1,-1,-1,-1
136,2,582.11,260.49,22.97,6.06,1,-1,-1,-1
137,12,0.69,347.84,9.46,4.19,1,-1,-1,-1
137,11,952.50,209.62,13.42,4.15,1,-1,-1,-1
137,10,364.61,316.38,21.68,6.94,1,-1,-1,-1
137,8,328.52,683.99,3.90,6.29,1,-1,-1,-1
137,6,975.58,214.68,20.40,5.48,1,-1,-1,-1
137,4,712.81,986.12,3.68,4.90,1,-1,-1,-1
137,2,579.00,261.71,22.84,5.98,1,-1,-1,-1
138,12,0.74,347.88,9.69,4.26,1,-1,-1,-1
138,11,950.32,209.89,13.48,4.14,1,-1,-1,-1
138,10,367.24,315.81,21.54,6.88,1,-1,-1,-1
138,8,328.30,685.40,3.95,6.67,1,-1,-1,-1
138,4,712.79,985.92,3.65,4.91,1,-1,-1,-1
138,2,576.01,262.13,22.90,5.99,1,-1,-1,-1
139,12,0.45,347.79,9.64,4.23,1,-1,-1,-1
139,11,947.85,210.28,13.54,4.17,1,-1,-1,-1
139,10,370.21,315.25,21.15,6.93,1,-1,-1,-1
139,8,328.62,685.83,4.03,7.10,1,-1,-1,-1
139,4,712.67,985.87,3.68,4.91,1,-1,-1,-1
139,2,573.20,262.67,22.99,5.90,1,-1,-1,-1
140,12,0.73,347.81,9.46,4.12,1,-1,-1,-1
140,11,945.35,210.48,13.24,4.05,1,-1,-1,-1
140,10,372.68,314.70,21.27,7.03,1,-1,-1,-1
140,8,329.22,687.48,3.85,6.86,1,-1,-1,-1
140,4,712.80,985.78,3.67,4.79,1,-1,-1,-1
140,2,570.26,263.06,23.18,5.94,1,-1,-1,-1
141,12,0.56,347.66,9.79,4.23,1,-1,-1,-1
141,11,943.34,211.08,12.82,3.81,1,-1,-1,-1
141,10,375.40,314.43,21.40,6.97,1,-1,-1,-1
141,8,329.59,689.37,3.64,6.39,1,-1,-1,-1
141,4,712.89,986.00,3.59,4.80,1,-1,-1,-1
141,2,567.51,263.23,22.64,5.80,1,-1,-1,-1
142,12,0.53,347.67,9.86,4.23,1,-1,-1,-1
142,11,940.26,211.55,13.31,3.72,1,-1,-1,-1
142,10,378.46,313.89,21.52,6.98,1,-1,-1,-1
142,8,329.78,690.84,3.50,6.13,1,-1,-1,-1
142,6,988.55,211.64,20.74,6.51,1,-1,-1,-1
142,4,712.79,985.95,3.68,4.82,1,-1,-1,-1
142,2,565.49,263.76,22.48,5.67,1,-1,-1,-1
143,12,0.79,347.81,10.11,4.28,1,-1,-1,-1
143,11,938.09,211.87,12.99,3.67,1,-1,-1,-1
143,10,380.81,313.05,22.16,7.14,1,-1,-1,-1
143,8,330.15,691.80,3.39,6.21,1,-1,-1,-1
143,6,990.93,211.29,20.17,6.55,1,-1,-1,-1
143,4,712.87,986.14,3.66,4.76,1,-1,-1,-1
143,2,562.13,264.11,22.81,5.83,1,-1,-1,-1
144,12,0.63,347.90,10.20,4.38,1,-1,-1,-1
144,11,935.26,212.21,13.41,3.92,1,-1,-1,-1
144,10,383.35,312.42,21.90,7.01,1,-1,-1,-1
144,8,330.77,693.51,3.32,6.23,1,-1,-1,-1
144,6,993.02,210.26,19.84,6.42,1,-1,-1,-1
144,4,713.11,985.91,3.63,4.74,1,-1,-1,-1
144,2,559.73,264.45,22.24,5.88,1,-1,-1,-1
145,12,0.48,347.80,10.19,4.31,1,-1,-1,-1
145,11,933.35,212.17,13.53,3.99,1,-1,-1,-1
145,10,386.51,311.96,21.91,7.06,1,-1,-1,-1
145,8,330.66,694.40,3.20,6.51,1,-1,-1,-1
145,6,995.45,209.87,19.58,6.24,1,-1,-1,-1
145,4,713.03,986.01,3.55,4.57,1,-1,-1,-1
145,2,557.63,264.42,22.09,5.80,1,-1,-1,-1
146,12,0.54,347.79,10.24,4.27,1,-1,-1,-1
146,11,930.70,212.48,13.67,4.37,1,-1,-1,-1
146,10,389.29,311.15,22.02,6.96,1,-1,-1,-1
146,8,330.94,694.94,3.24,6.66,1,-1,-1,-1
146,6,999.37,209.77,19.19,6.18,1,-1,-1,-1
146,4,712.84,985.86,3.72,4.83,1,-1,-1,-1
146,2,554.64,264.83,22.43,5.85,1,-1,-1,-1
147,12,0.44,347.75,10.44,4.31,1,-1,-1,-1
147,11,927.85,212.53,13.98,4.70,1,-1,-1,-1
147,10,392.18,311.22,21.83,6.98,1,-1,-1,-1
147,8,331.27,697.04,3.23,6.25,1,-1,-1,-1
147,6,1001.67,209.55,18.63,6.03,1,-1,-1,-1
147,4,712.90,985.95,3.67,4.81,1,-1,-1,-1
147,2,551.95,265.45,22.45,5.76,1,-1,-1,-1
148,12,0.54,347.65,10.47,4.21,1,-1,-1,-1
148,11,925.17,212.49,14.15,4.98,1,-1,-1,-1
148,10,395.61,310.70,21.92,6.84,1,-1,-1,-1
148,8,331.72,697.86,3.20,6.13,1,-1,-1,-1
148,6,1003.88,208.89,18.18,5.85,1,-1,-1,-1
148,2,549.16,266.20,22.57,5.50,1,-1,-1,-1
149,12,0.66,347.86,10.56,4.30,1,-1,-1,-1
149,11,923.31,214.22,13.74,5.00,1,-1,-1,-1
149,10,397.64,310.33,22.24,6.89,1,-1,-1,-1
149,8,331.92,698.76,3.20,6.47,1,-1,-1,-1
149,6,1006.19,208.77,17.47,5.58,1,-1,-1,-1
149,2,546.49,266.98,22.64,5.43,1,-1,-1,-1
150,12,0.49,347.87,10.68,4.38,1,-1,-1,-1
150,10,400.55,309.95,21.88,6.79,1,-1,-1,-1
150,8,332.04,699.98,3.26,6.63,1,-1,-1,-1
150,6,1008.14,208.79,16.47,5.25,1,-1,-1,-1
150,2,543.68,267.26,22.52,5.40,1,-1,-1,-1
151,12,0.56,347.90,10.40,4.38,1,-1,-1,-1
151,10,403.38,309.43,22.11,6.74,1,-1,-1,-1
151,8,332.21,701.68,3.43,6.70,1,-1,-1,-1
151,6,1009.82,208.28,15.27,4.91,1,-1,-1,-1
151,4,712.95,986.00,3.71,4.95,1,-1,-1,-1
151,2,540.32,267.73,22.98,5.37,1,-1,-1,-1
152,12,0.71,347.85,10.69,4.44,1,-1,-1,-1
152,10,406.87,307.81,21.34,6.78,1,-1,-1,-1
152,8,332.29,702.87,3.61,6.72,1,-1,-1,-1
152,6,1011.61,208.35,14.11,4.60,1,-1,-1,-1
152,4,712.99,986.10,3.70,4.89,1,-1,-1,-1
152,2,538.05,267.92,23.07,5.30,1,-1,-1,-1
153,12,0.56,347.86,10.29,4.38,1,-1,-1,-1
153,10,409.78,307.16,20.95,6.66,1,-1,-1,-1
153,8,332.30,703.86,3.79,6.50,1,-1,-1,-1
153,6,1014.09,208.38,12.17,4.43,1,-1,-1,-1
153,4,713.20,986.16,3.63,4.80,1,-1,-1,-1
153,2,535.65,267.97,22.94,5.23,1,-1,-1,-1
154,12,0.58,347.91,10.25,4.40,1,-1,-1,-1
154,10,412.00,307.37,21.28,6.72,1,-1,-1,-1
154,8,332.22,705.21,3.85,6.33,1,-1,-1,-1
154,4,713.05,986.08,3.67,4.87,1,-1,-1,-1
154,2,533.30,268.01,22.68,5.16,1,-1,-1,-1
155,12,0.80,347.80,10.24,4.34,1,-1,-1,-1
155,10,414.91,307.13,21.18,6.52,1,-1,-1,-1
155,8,332.38,706.28,4.22,5.92,1,-1,-1,-1
155,4,713.19,986.30,3.74,4.79,1,-1,-1,-1
155,2,530.30,268.12,22.70,5.24,1,-1,-1,-1
156,12,0.53,347.87,10.13,4.34,1,-1,-1,-1
156,10,417.48,306.84,21.00,6.53,1,-1,-1,-1
156,8,332.36,707.46,4.45,5.81,1,-1,-1,-1
156,4,713.41,986.45,3.73,4.77,1,-1,-1,-1
156,2,526.12,269.77,23.35,5.40,1,-1,-1,-1
157,12,0.97,347.86,10.10,4.27,1,-1,-1,-1
157,10,419.36,306.37,21.19,6.39,1,-1,-1,-1
157,8,332.42,708.30,4.81,6.13,1,-1,-1,-1
157,4,713.56,986.47,3.66,4.67,1,-1,-1,-1
157,2,523.69,270.40,23.37,5.51,1,-1,-1,-1
158,12,1.07,347.86,10.38,4.33,1,-1,-1,-1
158,11,900.75,217.42,12.95,4.68,1,-1,-1,-1
158,10,422.09,305.65,21.38,6.45,1,-1,-1,-1
158,8,332.30,709.23,4.97,6.49,1,-1,-1,-1
158,4,713.58,986.59,3.65,4.59,1,-1,-1,-1
158,2,521.68,271.19,22.95,5.37,1,-1,-1,-1
159,12,0.64,347.81,10.25,4.29,1,-1,-1,-1
159,11,898.73,217.72,12.86,4.66,1,-1,-1,-1
159,10,425.06,304.72,21.17,6.43,1,-1,-1,-1
159,8,332.26,710.93,5.12,6.53,1,-1,-1,-1
159,4,713.61,986.63,3.59,4.44,1,-1,-1,-1
159,2,520.07,271.36,21.91,5.21,1,-1,-1,-1
160,12,0.60,347.79,10.15,4.27,1,-1,-1,-1
160,11,896.88,218.25,12.63,4.42,1,-1,-1,-1
160,10,427.46,304.72,21.36,6.55,1,-1,-1,-1
160,8,333.87,712.38,5.24,6.10,1,-1,-1,-1
160,2,516.82,271.50,21.99,5.36,1,-1,-1,-1
161,12,0.65,347.74,10.27,4.37,1,-1,-1,-1
161,11,895.06,218.55,12.72,4.43,1,-1,-1,-1
161,10,430.06,304.25,21.56,6.36,1,-1,-1,-1
161,8,334.80,713.85,5.10,5.97,1,-1,-1,-1
161,2,513.89,271.87,22.03,5.44,1,-1,-1,-1
162,13,216.70,353.04,8.76,3.16,1,-1,-1,-1
162,12,0.72,347.81,10.13,4.36,1,-1,-1,-1
162,11,891.86,218.86,13.09,4.41,1,-1,-1,-1
162,10,432.44,303.80,20.98,6.28,1,-1,-1,-1
162,8,335.17,714.91,4.99,5.90,1,-1,-1,-1
162,2,510.76,272.15,22.62,5.60,1,-1,-1,-1
163,13,218.77,352.87,8.82,3.23,1,-1,-1,-1
163,12,0.83,347.83,10.19,4.33,1,-1,-1,-1
163,11,890.03,219.40,12.82,4.33,1,-1,-1,-1
163,10,434.66,303.44,21.49,6.29,1,-1,-1,-1
163,8,335.66,715.66,4.72,5.95,1,-1,-1,-1
163,4,713.66,986.66,3.56,4.37,1,-1,-1,-1
163,2,507.54,272.64,22.77,5.74,1,-1,-1,-1
164,13,221.27,352.66,9.14,3.33,1,-1,-1,-1
164,12,0.87,347.91,10.33,4.38,1,-1,-1,-1
164,11,887.49,219.40,13.06,4.46,1,-1,-1,-1
164,10,438.16,303.06,21.32,6.33,1,-1,-1,-1
164,8,335.99,717.33,4.46,6.10,1,-1,-1,-1
164,4,713.67,986.73,3.55,4.38,1,-1,-1,-1
164,2,505.01,273.06,22.54,5.67,1,-1,-1,-1
165,13,223.64,352.04,9.70,3.72,1,-1,-1,-1
165,12,0.99,347.94,10.20,4.41,1,-1,-1,-1
165,11,884.92,219.84,13.57,4.59,1,-1,-1,-1
165,10,440.97,302.41,21.29,6.31,1,-1,-1,-1
165,4,713.70,986.84,3.56,4.42,1,-1,-1,-1
165,2,502.41,273.72,22.80,5.80,1,-1,-1,-1
166,13,225.79,351.89,9.97,3.95,1,-1,-1,-1
166,12,0.97,347.88,10.20,4.42,1,-1,-1,-1
166,11,882.49,220.17,14.05,4.78,1,-1,-1,-1
166,10,443.43,302.17,21.33,6.11,1,-1,-1,-1
166,4,713.67,986.91,3.52,4.35,1,-1,-1,-1
166,2,499.53,274.65,23.09,5.52,1,-1,-1,-1
167,13,227.55,351.50,9.83,4.21,1,-1,-1,-1
167,12,1.08,347.87,9.80,4.38,1,-1,-1,-1
167,11,880.05,220.38,13.89,5.02,1,-1,-1,-1
167,10,446.25,302.00,20.90,6.05,1,-1,-1,-1
167,4,713.68,986.81,3.49,4.36,1,-1,-1,-1
167,2,497.03,275.12,22.59,5.48,1,-1,-1,-1
168,12,1.34,347.92,9.85,4.38,1,-1,-1,-1
168,11,877.28,220.34,13.60,5.13,1,-1,-1,-1
168,10,448.85,300.57,20.56,6.16,1,-1,-1,-1
168,8,336.56,721.35,3.97,6.48,1,-1,-1,-1
168,4,713.81,987.00,3.51,4.33,1,-1,-1,-1
168,2,494.57,275.73,22.30,5.50,1,-1,-1,-1
169,12,1.64,347.94,9.88,4.38,1,-1,-1,-1
169,11,874.51,220.40,13.97,5.39,1,-1,-1,-1
169,10,451.56,300.05,20.47,6.33,1,-1,-1,-1
169,8,336.96,722.94,3.78,6.14,1,-1,-1,-1
169,2,491.88,276.00,22.62,5.55,1,-1,-1,-1
170,12,1.93,348.02,9.77,4.46,1,-1,-1,-1
170,11,872.74,222.11,13.40,5.31,1,-1,-1,-1
170,10,454.76,299.62,20.52,6.23,1,-1,-1,-1
170,8,337.47,723.77,3.63,6.01,1,-1,-1,-1
170,2,489.87,276.05,22.14,5.55,1,-1,-1,-1
171,12,1.53,347.96,9.95,4.47,1,-1,-1,-1
171,11,869.36,222.97,13.92,5.11,1,-1,-1,-1
171,10,457.16,299.16,20.40,6.00,1,-1,-1,-1
171,2,486.79,276.35,22.29,5.85,1,-1,-1,-1
172,12,1.16,347.99,9.88,4.54,1,-1,-1,-1
172,11,867.01,223.19,13.89,5.05,1,-1,-1,-1
172,10,459.61,298.86,20.40,5.75,1,-1,-1,-1
172,2,483.93,276.42,22.63,6.08,1,-1,-1,-1
173,12,1.51,348.04,10.59,4.74,1,-1,-1,-1
173,11,864.74,223.63,13.58,4.84,1,-1,-1,-1
173,10,461.75,298.77,20.78,5.61,1,-1,-1,-1
173,2,481.64,277.43,23.00,6.18,1,-1,-1,-1
174,12,1.60,348.00,10.66,4.76,1,-1,-1,-1
174,11,862.43,224.21,13.72,4.65,1,-1,-1,-1
174,10,464.35,298.33,20.66,5.45,1,-1,-1,-1
174,2,477.98,278.05,23.47,6.25,1,-1,-1,-1
175,14,247.08,347.10,8.29,3.42,1,-1,-1,-1
175,12,1.49,347.94,10.71,4.72,1,-1,-1,-1
175,11,859.91,224.58,13.78,4.52,1,-1,-1,-1
175,10,466.92,297.24,20.83,5.50,1,-1,-1,-1
175,4,714.01,986.92,3.69,4.52,1,-1,-1,-1
175,2,475.43,278.53,23.67,6.15,1,-1,-1,-1
176,14,249.96,346.56,7.35,3.32,1,-1,-1,-1
176,12,1.73,347.94,10.38,4.70,1,-1,-1,-1
176,11,857.50,224.90,13.35,4.38,1,-1,-1,-1
176,10,469.18,296.95,21.34,5.60,1,-1,-1,-1
176,4,714.04,987.03,3.62,4.40,1,-1,-1,-1
176,2,473.19,279.14,23.76,5.99,1,-1,-1,-1
177,12,1.51,347.95,10.35,4.68,1,-1,-1,-1
177,11,854.99,225.14,13.37,4.23,1,-1,-1,-1
177,10,472.06,296.32,21.01,5.67,1,-1,-1,-1
177,2,470.53,279.33,23.39,5.80,1,-1,-1,-1
178,12,1.40,347.89,10.40,4.69,1,-1,-1,-1
178,11,852.60,225.25,13.66,4.30,1,-1,-1,-1
178,10,475.01,296.20,20.44,5.54,1,-1,-1,-1
178,2,467.55,279.80,23.78,5.82,1,-1,-1,-1
179,12,1.99,347.95,10.26,4.71,1,-1,-1,-1
179,11,850.52,225.55,13.56,4.24,1,-1,-1,-1
179,10,477.37,296.26,20.33,5.48,1,-1,-1,-1
179,2,465.19,280.28,23.83,5.98,1,-1,-1,-1
180,12,1.84,347.97,10.30,4.74,1,-1,-1,-1
180,11,847.82,226.01,13.50,4.03,1,-1,-1,-1
180,10,480.00,295.90,20.19,5.32,1,-1,-1,-1
180,4,714.15,987.26,3.55,4.26,1,-1,-1,-1
180,2,462.13,280.60,23.59,6.01,1,-1,-1,-1
181,12,1.97,347.98,10.28,4.73,1,-1,-1,-1
181,11,845.44,226.50,13.35,3.92,1,-1,-1,-1
181,10,482.05,295.76,20.03,5.26,1,-1,-1,-1
181,4,714.13,987.01,3.56,4.24,1,-1,-1,-1
181,2,459.41,281.34,23.35,5.96,1,-1,-1,-1
182,12,1.82,347.92,10.58,4.79,1,-1,-1,-1
182,11,842.78,227.24,13.16,3.85,1,-1,-1,-1
182,10,483.82,295.32,20.31,5.28,1,-1,-1,-1
182,4,714.30,987.04,3.63,4.39,1,-1,-1,-1
182,2,457.24,281.92,23.13,5.82,1,-1,-1,-1
183,12,1.71,347.97,10.31,4.81,1,-1,-1,-1
183,11,839.87,227.21,13.41,3.93,1,-1,-1,-1
183,10,486.29,295.04,20.62,5.46,1,-1,-1,-1
183,4,714.42,987.24,3.52,4.19,1,-1,-1,-1
183,2,455.40,282.38,22.78,5.83,1,-1,-1,-1
184,12,1.59,347.88,10.67,4.88,1,-1,-1,-1
184,11,836.68,227.38,13.61,3.95,1,-1,-1,-1
184,10,488.81,294.63,20.78,5.75,1,-1,-1,-1
184,2,452.15,283.25,22.90,5.69,1,-1,-1,-1
185,12,2.38,347.59,11.03,4.89,1,-1,-1,-1
185,11,834.05,227.77,13.58,3.93,1,-1,-1,-1
185,10,490.71,294.12,21.02,5.93,1,-1,-1,-1
185,2,449.77,283.44,22.70,5.58,1,-1,-1,-1
186,12,1.98,347.83,11.01,4.93,1,-1,-1,-1
186,11,832.21,228.20,13.42,4.13,1,-1,-1,-1
186,10,492.88,293.90,21.38,6.02,1,-1,-1,-1
186,8,340.25,742.16,5.13,6.40,1,-1,-1,-1
186,2,446.59,284.04,22.89,5.80,1,-1,-1,-1
187,12,1.87,347.95,10.86,4.98,1,-1,-1,-1
187,11,829.49,228.30,13.78,4.32,1,-1,-1,-1
187,10,495.38,293.65,21.15,6.20,1,-1,-1,-1
187,4,714.48,987.40,3.52,4.10,1,-1,-1,-1
187,2,444.08,284.17,22.98,5.85,1,-1,-1,-1
188,12,1.79,347.93,10.81,4.91,1,-1,-1,-1
188,11,826.08,228.49,14.52,4.73,1,-1,-1,-1
188,10,497.44,292.45,21.37,6.33,1,-1,-1,-1
188,2,442.18,284.29,22.61,5.99,1,-1,-1,-1
189,12,1.77,347.91,10.88,4.85,1,-1,-1,-1
189,11,824.24,228.42,14.11,4.88,1,-1,-1,-1
189,10,499.22,291.76,21.69,6.37,1,-1,-1,-1
189,2,438.92,285.61,22.76,6.11,1,-1,-1,-1
190,12,2.06,347.93,10.62,4.82,1,-1,-1,-1
190,10,501.76,291.29,21.95,6.04,1,-1,-1,-1
190,2,435.82,286.67,23.26,6.27,1,-1,-1,-1
191,12,1.76,348.02,10.55,4.92,1,-1,-1,-1
191,10,504.63,291.12,21.66,5.90,1,-1,-1,-1
191,4,714.67,987.20,3.52,4.24,1,-1,-1,-1
191,2,433.23,287.17,23.48,6.36,1,-1,-1,-1
192,12,1.41,348.03,10.63,4.98,1,-1,-1,-1
192,10,507.10,290.77,21.50,5.92,1,-1,-1,-1
192,4,714.71,987.33,3.59,4.29,1,-1,-1,-1
192,2,430.12,287.64,23.51,6.28,1,-1,-1,-1
193,12,1.57,348.02,10.86,5.05,1,-1,-1,-1
193,11,814.58,231.24,13.24,5.00,1,-1,-1,-1
193,10,509.02,290.47,21.61,5.95,1,-1,-1,-1
193,2,427.42,287.88,23.23,6.18,1,-1,-1,-1
194,12,1.88,348.02,10.61,5.08,1,-1,-1,-1
194,11,812.01,231.52,13.51,4.85,1,-1,-1,-1
194,10,511.71,289.97,21.28,5.75,1,-1,-1,-1
194,2,424.92,288.54,23.51,6.27,1,-1,-1,-1
195,15,295.20,337.23,7.99,3.08,1,-1,-1,-1
195,12,1.98,348.03,10.88,5.14,1,-1,-1,-1
195,11,809.89,231.89,13.23,4.59,1,-1,-1,-1
195,10,513.73,289.90,21.32,5.83,1,-1,-1,-1
195,2,422.78,288.66,23.12,6.15,1,-1,-1,-1
196,15,297.58,337.09,8.03,3.07,1,-1,-1,-1
196,12,1.83,347.96,10.66,5.08,1,-1,-1,-1
196,11,806.89,232.33,13.63,4.67,1,-1,-1,-1
196,10,515.71,289.77,21.30,5.83,1,-1,-1,-1
196,8,344.26,754.59,4.15,5.20,1,-1,-1,-1
196,2,419.90,289.28,23.15,5.90,1,-1,-1,-1
197,15,299.46,336.61,8.76,3.42,1,-1,-1,-1
197,12,1.69,347.99,10.64,5.12,1,-1,-1,-1
197,11,804.30,232.45,13.91,4.61,1,-1,-1,-1
197,10,518.69,289.28,21.20,5.83,1,-1,-1,-1
197,2,417.54,290.12,22.94,5.62,1,-1,-1,-1
198,15,301.20,335.99,10.13,3.90,1,-1,-1,-1
198,12,1.42,348.00,10.58,5.16,1,-1,-1,-1
198,11,801.97,232.79,13.70,4.52,1,-1,-1,-1
198,10,520.89,288.72,20.91,5.67,1,-1,-1,-1
198,2,414.52,290.86,23.11,5.72,1,-1,-1,-1
199,15,304.11,335.78,9.91,4.05,1,-1,-1,-1
199,12,1.74,347.94,10.66,5.09,1,-1,-1,-1
199,11,799.45,233.17,13.50,4.50,1,-1,-1,-1
199,10,523.20,288.50,21.09,5.62,1,-1,-1,-1
199,2,411.93,291.54,23.13,5.60,1,-1,-1,-1
200,15,305.98,335.28,10.10,4.41,1,-1,-1,-1
200,12,1.81,347.92,10.63,5.04,1,-1,-1,-1
200,11,797.09,233.46,13.64,4.31,1,-1,-1,-1
200,10,525.34,288.09,21.09,5.65,1,-1,-1,-1
200,2,409.56,291.80,22.85,5.43,1,-1,-1,-1
201,12,1.64,347.95,10.81,5.06,1,-1,-1,-1
201,11,794.52,233.68,13.67,4.39,1,-1,-1,-1
201,10,527.39,288.04,21.38,5.65,1,-1,-1,-1
201,8,346.45,761.22,3.52,4.75,1,-1,-1,-1
201,2,407.13,292.25,22.84,5.82,1,-1,-1,-1
202,12,2.36,347.91,10.75,4.99,1,-1,-1,-1
202,11,792.16,234.23,13.39,4.36,1,-1,-1,-1
202,10,529.65,287.88,21.06,5.53,1,-1,-1,-1
202,8,346.95,762.58,3.28,4.57,1,-1,-1,-1
202,2,404.64,292.45,23.06,6.14,1,-1,-1,-1
203,12,2.82,348.05,10.54,5.10,1,-1,-1,-1
203,11,789.20,234.73,13.69,4.35,1,-1,-1,-1
203,10,531.82,287.46,21.72,5.68,1,-1,-1,-1
203,8,347.16,763.10,3.16,4.29,1,-1,-1,-1
203,2,401.88,293.35,23.56,6.36,1,-1,-1,-1
204,15,314.40,331.66,11.36,5.04,1,-1,-1,-1
204,12,2.30,347.96,10.51,5.05,1,-1,-1,-1
204,11,786.41,235.17,13.59,4.29,1,-1,-1,-1
204,10,534.12,287.19,21.85,5.77,1,-1,-1,-1
204,2,398.60,293.91,23.50,6.38,1,-1,-1,-1
205,15,316.58,331.49,11.28,4.75,1,-1,-1,-1
205,12,1.95,348.02,10.64,5.12,1,-1,-1,-1
205,11,783.96,235.64,13.39,4.33,1,-1,-1,-1
205,10,537.09,286.59,21.23,5.73,1,-1,-1,-1
205,2,395.87,294.52,23.79,6.38,1,-1,-1,-1
206,15,318.01,331.01,11.60,4.50,1,-1,-1,-1
206,12,2.39,347.94,10.40,5.04,1,-1,-1,-1
206,11,781.23,235.88,13.26,4.33,1,-1,-1,-1
206,10,539.04,286.29,20.76,5.72,1,-1,-1,-1
206,2,393.15,295.63,24.25,6.46,1,-1,-1,-1
207,15,321.62,330.52,11.12,4.10,1,-1,-1,-1
207,12,2.19,347.99,10.58,5.09,1,-1,-1,-1
207,11,778.57,236.08,13.13,4.44,1,-1,-1,-1
207,10,540.63,286.29,20.42,5.65,1,-1,-1,-1
207,2,390.66,295.68,23.71,6.45,1,-1,-1,-1
208,15,324.11,330.70,10.65,3.86,1,-1,-1,-1
208,12,2.36,347.99,10.55,5.10,1,-1,-1,-1
208,11,776.37,236.27,12.94,4.59,1,-1,-1,-1
208,10,543.61,286.05,20.18,5.78,1,-1,-1,-1
208,2,388.13,296.13,23.65,6.41,1,-1,-1,-1
209,15,325.63,329.82,11.10,3.87,1,-1,-1,-1
209,12,2.36,347.98,10.64,5.11,1,-1,-1,-1
209,11,773.39,236.46,13.25,4.93,1,-1,-1,-1
209,10,545.90,285.93,20.10,5.87,1,-1,-1,-1
209,2,385.56,296.87,23.73,6.58,1,-1,-1,-1
210,16,426.60,305.89,6.78,2.88,1,-1,-1,-1
210,15,328.43,329.44,10.98,3.77,1,-1,-1,-1
210,12,2.11,347.98,10.73,5.12,1,-1,-1,-1
210,11,770.90,236.39,13.39,5.09,1,-1,-1,-1
210,10,547.94,284.56,19.80,5.90,1,-1,-1,-1
210,2,383.07,296.95,23.43,6.70,1,-1,-1,-1
211,16,429.38,305.39,6.93,2.94,1,-1,-1,-1
211,15,330.80,329.04,10.91,3.85,1,-1,-1,-1
211,12,2.38,347.98,10.60,5.12,1,-1,-1,-1
211,11,768.57,236.35,13.23,5.23,1,-1,-1,-1
211,10,550.84,283.67,19.89,5.75,1,-1,-1,-1
211,2,380.19,297.46,23.53,6.80,1,-1,-1,-1
212,16,432.30,304.95,6.78,3.02,1,-1,-1,-1
212,12,2.94,347.88,10.21,4.97,1,-1,-1,-1
212,11,765.76,238.15,13.11,5.17,1,-1,-1,-1
212,10,553.85,283.20,19.61,5.59,1,-1,-1,-1
212,2,377.90,298.38,23.59,6.67,1,-1,-1,-1
213,16,434.90,304.65,7.18,3.19,1,-1,-1,-1
213,12,3.21,347.99,10.17,5.04,1,-1,-1,-1
213,11,762.96,238.98,13.29,5.04,1,-1,-1,-1
213,10,555.70,282.98,20.01,5.66,1,-1,-1,-1
213,2,375.90,299.19,23.27,6.51,1,-1,-1,-1
214,16,437.17,304.17,7.36,3.50,1,-1,-1,-1
214,12,2.88,347.96,10.25,5.02,1,-1,-1,-1
214,11,760.71,239.31,12.99,4.94,1,-1,-1,-1
214,10,557.40,283.20,20.10,5.63,1,-1,-1,-1
214,2,373.78,299.49,22.96,6.39,1,-1,-1,-1
215,12,3.01,347.92,10.12,4.97,1,-1,-1,-1
215,11,757.44,239.59,13.73,4.82,1,-1,-1,-1
215,10,560.11,282.90,20.13,5.51,1,-1,-1,-1
215,2,370.47,299.78,23.13,6.24,1,-1,-1,-1
216,12,2.39,347.95,10.33,4.98,1,-1,-1,-1
216,11,754.81,240.11,13.82,4.82,1,-1,-1,-1
216,10,562.13,282.46,20.18,5.49,1,-1,-1,-1
216,2,367.41,300.07,23.59,6.61,1,-1,-1,-1
217,12,3.13,347.97,10.07,4.97,1,-1,-1,-1
217,11,752.06,240.73,13.63,4.64,1,-1,-1,-1
217,10,564.24,282.29,20.91,5.63,1,-1,-1,-1
217,2,364.48,300.99,24.06,6.85,1,-1,-1,-1
218,12,3.37,348.03,9.86,5.03,1,-1,-1,-1
218,11,749.42,241.00,13.58,4.56,1,-1,-1,-1
218,10,567.59,281.44,20.52,5.68,1,-1,-1,-1
218,2,361.76,302.16,24.26,7.37,1,-1,-1,-1
219,12,2.88,348.06,9.93,5.11,1,-1,-1,-1
219,11,747.33,241.29,13.10,4.47,1,-1,-1,-1
219,10,569.40,281.10,20.49,5.68,1,-1,-1,-1
219,2,359.19,302.40,24.54,7.46,1,-1,-1,-1
220,11,744.45,241.57,13.32,4.44,1,-1,-1,-1
220,10,571.76,280.75,20.62,5.62,1,-1,-1,-1
220,2,356.21,302.97,24.50,7.65,1,-1,-1,-1
221,16,456.06,299.53,6.58,3.50,1,-1,-1,-1
221,11,740.77,242.16,13.78,4.33,1,-1,-1,-1
221,10,573.44,280.28,21.17,5.77,1,-1,-1,-1
221,2,353.96,303.29,24.66,7.58,1,-1,-1,-1
222,16,458.52,299.51,6.24,3.26,1,-1,-1,-1
222,15,354.99,322.76,12.99,4.18,1,-1,-1,-1
222,11,738.65,242.96,13.69,4.18,1,-1,-1,-1
222,10,575.51,279.92,21.17,5.88,1,-1,-1,-1
222,2,351.92,303.68,23.93,7.37,1,-1,-1,-1
223,16,461.66,298.83,6.16,3.06,1,-1,-1,-1
223,15,356.47,321.78,13.83,4.32,1,-1,-1,-1
223,12,2.90,348.02,10.00,5.14,1,-1,-1,-1
223,11,736.26,243.01,13.47,4.15,1,-1,-1,-1
223,10,577.93,279.69,20.70,5.79,1,-1,-1,-1
223,2,348.87,304.17,23.99,7.15,1,-1,-1,-1
224,16,464.36,298.42,6.02,2.96,1,-1,-1,-1
224,15,361.00,322.15,12.80,4.17,1,-1,-1,-1
224,12,2.87,348.06,9.94,5.22,1,-1,-1,-1
224,11,733.88,243.42,13.27,4.14,1,-1,-1,-1
224,10,580.07,279.86,20.65,5.82,1,-1,-1,-1
224,2,345.99,304.64,24.31,6.89,1,-1,-1,-1
225,17,280.83,420.27,3.69,5.85,1,-1,-1,-1
225,16,466.67,297.88,5.85,2.87,1,-1,-1,-1
225,15,364.36,321.76,11.76,3.96,1,-1,-1,-1
225,12,2.86,348.04,10.06,5.26,1,-1,-1,-1
225,11,730.33,243.91,13.53,4.25,1,-1,-1,-1
225,10,582.56,280.22,20.87,5.88,1,-1,-1,-1
225,2,343.31,305.48,24.39,7.10,1,-1,-1,-1
226,17,281.24,422.06,3.82,6.01,1,-1,-1,-1
226,16,469.82,297.47,5.86,2.83,1,-1,-1,-1
226,15,367.81,321.55,10.59,3.78,1,-1,-1,-1
226,12,2.82,348.05,9.97,5.32,1,-1,-1,-1
226,11,727.93,244.13,13.17,4.28,1,-1,-1,-1
226,10,584.47,279.67,21.23,6.01,1,-1,-1,-1
226,2,340.45,306.16,24.67,7.16,1,-1,-1,-1
227,17,281.40,423.74,3.70,5.56,1,-1,-1,-1
227,16,471.94,297.03,5.97,2.89,1,-1,-1,-1
227,15,370.00,321.20,10.42,3.60,1,-1,-1,-1
227,11,724.95,244.18,13.59,4.39,1,-1,-1,-1
227,10,586.82,279.26,21.08,5.93,1,-1,-1,-1
227,2,338.28,306.87,24.02,6.94,1,-1,-1,-1
228,17,281.84,426.01,3.46,5.16,1,-1,-1,-1
228,16,474.52,296.65,5.79,3.02,1,-1,-1,-1
228,15,372.37,320.57,9.82,3.58,1,-1,-1,-1
228,11,721.95,244.40,13.91,4.70,1,-1,-1,-1
228,10,589.34,278.87,21.54,6.03,1,-1,-1,-1
228,2,336.22,306.82,23.94,7.06,1,-1,-1,-1
229,17,282.03,427.26,3.35,5.06,1,-1,-1,-1
229,16,477.55,296.31,6.01,3.25,1,-1,-1,-1
229,15,373.18,319.82,11.08,3.95,1,-1,-1,-1
229,11,719.87,244.50,13.84,4.98,1,-1,-1,-1
229,10,591.46,278.65,21.91,6.11,1,-1,-1,-1
229,2,333.27,307.74,23.74,7.25,1,-1,-1,-1
230,17,282.38,428.42,3.38,5.22,1,-1,-1,-1
230,16,480.33,296.07,6.00,3.46,1,-1,-1,-1
230,11,717.43,245.82,13.64,5.23,1,-1,-1,-1
230,10,593.86,278.63,21.86,6.18,1,-1,-1,-1
230,2,330.94,308.06,23.98,7.38,1,-1,-1,-1
231,17,282.36,430.30,3.34,5.35,1,-1,-1,-1
231,11,714.65,246.86,13.20,5.08,1,-1,-1,-1
231,10,595.41,277.96,22.52,6.34,1,-1,-1,-1
231,2,329.45,308.29,23.97,7.62,1,-1,-1,-1
232,17,282.62,431.65,3.50,5.45,1,-1,-1,-1
232,11,712.56,247.18,13.00,5.04,1,-1,-1,-1
232,10,597.03,277.44,23.09,6.53,1,-1,-1,-1
232,2,325.99,308.86,24.13,7.75,1,-1,-1,-1
233,17,283.02,433.29,3.44,5.40,1,-1,-1,-1
233,12,3.65,347.95,9.48,5.32,1,-1,-1,-1
233,11,709.25,247.48,13.25,4.92,1,-1,-1,-1
233,10,600.54,276.27,22.21,6.49,1,-1,-1,-1
233,2,323.39,309.37,24.20,7.76,1,-1,-1,-1
234,17,283.57,434.83,3.38,5.12,1,-1,-1,-1
234,12,3.84,347.91,9.23,5.21,1,-1,-1,-1
234,11,706.86,247.67,13.06,4.75,1,-1,-1,-1
234,10,603.21,275.90,21.76,6.51,1,-1,-1,-1
234,2,321.55,309.84,24.38,7.90,1,-1,-1,-1
235,17,283.76,436.26,3.27,5.19,1,-1,-1,-1
235,12,3.90,347.98,9.20,5.25,1,-1,-1,-1
235,11,704.05,248.17,12.98,4.66,1,-1,-1,-1
235,10,605.54,275.63,21.90,6.44,1,-1,-1,-1
235,2,318.41,310.42,23.94,7.71,1,-1,-1,-1
236,17,284.07,437.94,3.41,5.56,1,-1,-1,-1
236,12,3.83,347.94,9.09,5.18,1,-1,-1,-1
236,11,701.33,248.77,12.80,4.39,1,-1,-1,-1
236,10,607.83,275.44,21.72,6.42,1,-1,-1,-1
236,2,315.63,310.56,24.01,7.88,1,-1,-1,-1
237,17,284.21,439.70,3.54,5.61,1,-1,-1,-1
237,15,388.99,314.95,14.15,4.34,1,-1,-1,-1
237,12,3.96,348.00,9.15,5.22,1,-1,-1,-1
237,11,698.04,249.01,12.92,4.44,1,-1,-1,-1
237,10,609.92,275.66,21.77,6.53,1,-1,-1,-1
237,2,313.31,311.23,23.77,7.81,1,-1,-1,-1
238,17,284.22,441.08,3.58,5.53,1,-1,-1,-1
238,16,500.52,291.59,6.35,3.13,1,-1,-1,-1
238,15,390.39,314.31,13.06,4.19,1,-1,-1,-1
238,12,4.20,347.99,8.89,5.20,1,-1,-1,-1
238,11,695.27,249.54,13.05,4.49,1,-1,-1,-1
238,10,612.08,275.63,21.98,6.42,1,-1,-1,-1
238,2,310.77,311.49,23.68,7.71,1,-1,-1,-1
239,17,284.31,442.54,3.78,5.26,1,-1,-1,-1
239,16,503.20,291.37,6.22,2.99,1,-1,-1,-1
239,15,394.24,314.20,13.48,4.30,1,-1,-1,-1
239,11,692.77,249.76,13.08,4.38,1,-1,-1,-1
239,10,614.59,274.99,21.86,6.33,1,-1,-1,-1
239,2,309.24,312.12,22.91,7.59,1,-1,-1,-1
240,16,506.32,290.69,5.96,2.93,1,-1,-1,-1
240,15,398.54,314.17,13.15,4.08,1,-1,-1,-1
240,11,690.10,250.36,13.24,4.31,1,-1,-1,-1
240,10,617.04,274.99,21.58,6.20,1,-1,-1,-1
240,2,306.55,312.60,22.74,7.50,1,-1,-1,-1
241,16,508.58,290.65,6.41,2.85,1,-1,-1,-1
241,15,401.40,314.00,12.42,4.05,1,-1,-1,-1
241,11,687.48,250.65,13.16,4.37,1,-1,-1,-1
241,10,619.07,274.82,21.62,6.24,1,-1,-1,-1
241,2,303.90,312.78,23.03,7.59,1,-1,-1,-1
242,16,511.37,290.38,6.19,2.79,1,-1,-1,-1
242,15,404.53,313.86,12.06,3.89,1,-1,-1,-1
242,11,684.40,250.89,13.29,4.36,1,-1,-1,-1
242,10,621.35,274.59,21.67,6.11,1,-1,-1,-1
242,2,301.78,314.03,22.81,7.22,1,-1,-1,-1
243,16,513.84,290.18,5.94,2.71,1,-1,-1,-1
243,15,407.27,313.29,11.57,3.76,1,-1,-1,-1
243,11,681.35,250.89,13.52,4.57,1,-1,-1,-1
243,10,623.64,274.34,21.58,6.04,1,-1,-1,-1
243,2,298.48,315.00,22.65,6.88,1,-1,-1,-1
244,16,516.66,289.95,6.45,2.73,1,-1,-1,-1
244,15,409.06,312.89,11.66,3.80,1,-1,-1,-1
244,11,678.63,251.62,13.38,4.63,1,-1,-1,-1
244,10,626.25,274.12,21.67,5.89,1,-1,-1,-1
244,2,296.57,315.59,22.19,6.79,1,-1,-1,-1
245,16,519.05,289.32,6.23,2.76,1,-1,-1,-1
245,15,411.39,312.37,11.11,3.78,1,-1,-1,-1
245,11,676.00,252.01,13.23,4.67,1,-1,-1,-1
245,10,628.19,274.14,21.54,5.91,1,-1,-1,-1
245,2,295.09,315.88,21.74,6.86,1,-1,-1,-1
246,16,521.68,289.16,5.95,2.79,1,-1,-1,-1
246,11,673.96,252.09,12.50,4.62,1,-1,-1,-1
246,10,631.17,273.56,21.33,5.93,1,-1,-1,-1
246,2,293.05,315.96,21.89,6.89,1,-1,-1,-1
247,12,4.90,348.01,8.25,5.30,1,-1,-1,-1
247,11,670.75,251.93,12.94,4.61,1,-1,-1,-1
247,10,633.50,272.78,20.91,5.84,1,-1,-1,-1
247,2,290.72,316.06,21.49,6.90,1,-1,-1,-1
248,12,4.70,348.05,8.34,5.37,1,-1,-1,-1
248,11,668.02,252.19,13.06,4.78,1,-1,-1,-1
248,10,635.41,272.70,20.89,5.95,1,-1,-1,-1
248,2,287.95,317.27,21.27,7.01,1,-1,-1,-1
249,17,287.88,458.20,4.30,4.87,1,-1,-1,-1
249,12,4.51,348.00,8.47,5.35,1,-1,-1,-1
249,11,665.44,252.41,13.05,5.07,1,-1,-1,-1
249,10,638.09,272.74,20.74,5.84,1,-1,-1,-1
250,17,288.15,459.53,4.12,4.95,1,-1,-1,-1
250,12,4.83,348.03,8.19,5.38,1,-1,-1,-1
250,11,662.69,254.07,12.92,5.13,1,-1,-1,-1
250,10,640.58,271.90,21.01,5.86,1,-1,-1,-1
251,17,288.37,460.57,3.96,5.18,1,-1,-1,-1
251,11,659.92,254.76,12.82,5.13,1,-1,-1,-1
251,10,642.97,271.66,20.83,5.69,1,-1,-1,-1
252,17,288.50,462.17,3.83,5.39,1,-1,-1,-1
252,11,657.51,255.37,12.85,4.92,1,-1,-1,-1
252,10,645.24,271.64,20.74,5.60,1,-1,-1,-1
252,2,278.93,319.09,19.58,6.49,1,-1,-1,-1
253,17,288.75,463.82,3.65,5.23,1,-1,-1,-1
253,11,654.70,256.04,13.31,4.56,1,-1,-1,-1
253,10,647.90,271.19,20.75,5.53,1,-1,-1,-1
253,2,278.23,320.04,18.33,6.43,1,-1,-1,-1
254,17,289.33,465.28,3.44,5.21,1,-1,-1,-1
254,12,4.39,348.13,8.45,5.76,1,-1,-1,-1
254,11,651.69,256.07,13.11,4.42,1,-1,-1,-1
254,10,650.43,270.85,20.62,5.44,1,-1,-1,-1
254,2,277.57,320.15,17.12,6.02,1,-1,-1,-1
255,17,289.38,466.78,3.33,5.03,1,-1,-1,-1
255,15,431.72,306.67,13.51,4.22,1,-1,-1,-1
255,11,648.87,256.59,12.76,4.15,1,-1,-1,-1
255,10,652.44,270.40,20.85,5.55,1,-1,-1,-1
255,2,277.66,320.91,15.20,5.64,1,-1,-1,-1
256,17,289.93,468.17,3.26,5.09,1,-1,-1,-1
256,15,435.27,307.05,12.62,3.97,1,-1,-1,-1
256,11,646.07,257.16,12.44,3.91,1,-1,-1,-1
256,10,654.77,270.28,21.18,5.62,1,-1,-1,-1
256,2,277.99,321.46,13.01,5.29,1,-1,-1,-1
257,15,438.11,306.91,12.22,3.67,1,-1,-1,-1
257,11,643.04,257.82,12.55,3.88,1,-1,-1,-1
257,10,656.70,269.97,21.20,5.79,1,-1,-1,-1
258,15,441.40,306.69,11.34,3.56,1,-1,-1,-1
258,11,640.71,258.05,12.69,3.71,1,-1,-1,-1
258,10,659.45,268.80,21.47,6.13,1,-1,-1,-1
259,15,443.47,306.11,11.12,3.56,1,-1,-1,-1
259,11,637.87,258.31,13.13,3.69,1,-1,-1,-1
259,10,662.27,268.23,21.49,6.34,1,-1,-1,-1
260,17,291.32,473.60,3.12,4.74,1,-1,-1,-1
260,16,558.23,283.30,5.28,2.88,1,-1,-1,-1
260,15,445.00,305.51,11.61,3.62,1,-1,-1,-1
260,11,635.36,258.57,13.27,3.75,1,-1,-1,-1
260,10,664.99,267.31,21.06,6.04,1,-1,-1,-1
261,16,560.24,283.15,5.27,2.81,1,-1,-1,-1
261,15,446.16,304.37,12.49,3.92,1,-1,-1,-1
261,11,632.79,258.69,13.01,3.77,1,-1,-1,-1
261,10,667.09,267.21,21.08,6.09,1,-1,-1,-1
262,16,562.99,282.79,5.06,2.72,1,-1,-1,-1
262,15,449.78,304.24,11.68,3.87,1,-1,-1,-1
262,11,629.27,259.19,12.89,3.74,1,-1,-1,-1
262,10,668.84,266.90,21.05,6.01,1,-1,-1,-1
263,16,566.02,282.42,5.32,2.71,1,-1,-1,-1
263,15,451.87,303.84,11.47,3.97,1,-1,-1,-1
263,12,5.00,348.01,8.13,5.62,1,-1,-1,-1
263,11,626.21,259.72,13.04,3.84,1,-1,-1,-1
263,10,671.48,266.77,21.18,5.91,1,-1,-1,-1
264,17,292.24,479.86,3.35,5.05,1,-1,-1,-1
264,16,568.75,281.94,5.17,2.63,1,-1,-1,-1
264,15,454.15,303.44,11.41,4.18,1,-1,-1,-1
264,11,623.97,260.14,12.63,3.95,1,-1,-1,-1
264,10,673.83,266.20,21.23,5.84,1,-1,-1,-1
265,16,570.80,281.64,5.02,2.61,1,-1,-1,-1
265,11,621.02,260.29,13.06,4.13,1,-1,-1,-1
265,10,675.72,266.01,21.75,5.89,1,-1,-1,-1
266,11,618.23,260.49,13.21,4.45,1,-1,-1,-1
266,10,678.34,265.12,21.72,5.91,1,-1,-1,-1
267,11,614.64,260.50,13.58,4.74,1,-1,-1,-1
267,10,680.92,264.82,21.56,5.90,1,-1,-1,-1
268,11,612.39,261.99,13.85,5.00,1,-1,-1,-1
268,10,683.46,265.12,21.64,5.89,1,-1,-1,-1
269,11,610.07,262.68,13.30,5.07,1,-1,-1,-1
269,10,685.89,264.34,21.42,5.83,1,-1,-1,-1
270,18,26.03,377.52,8.97,4.50,1,-1,-1,-1
270,11,606.83,263.69,13.29,4.86,1,-1,-1,-1
270,10,688.13,264.12,21.27,5.91,1,-1,-1,-1
271,18,23.82,378.17,7.89,4.21,1,-1,-1,-1
271,17,292.39,488.35,5.12,5.38,1,-1,-1,-1
271,11,604.08,264.02,13.34,4.62,1,-1,-1,-1
271,10,690.57,263.96,20.82,5.77,1,-1,-1,-1
272,18,21.04,378.87,8.21,4.32,1,-1,-1,-1
272,17,292.28,489.84,5.25,5.27,1,-1,-1,-1
272,11,602.01,264.64,13.11,4.24,1,-1,-1,-1
272,10,692.87,264.02,21.31,5.76,1,-1,-1,-1
273,18,18.33,379.49,8.36,4.19,1,-1,-1,-1
273,15,473.99,299.62,11.15,4.14,1,-1,-1,-1
273,11,598.83,264.57,13.46,4.35,1,-1,-1,-1
273,10,695.03,263.81,21.48,5.86,1,-1,-1,-1
274,18,16.19,379.96,7.95,4.11,1,-1,-1,-1
274,15,475.83,299.56,11.57,4.04,1,-1,-1,-1
274,11,596.42,264.53,13.32,4.24,1,-1,-1,-1
274,10,697.81,263.47,21.43,5.75,1,-1,-1,-1
275,18,13.68,380.32,8.31,4.50,1,-1,-1,-1
275,15,478.08,299.18,11.84,3.92,1,-1,-1,-1
275,11,593.62,264.55,12.85,4.19,1,-1,-1,-1
275,10,699.60,263.14,21.31,5.77,1,-1,-1,-1
276,18,11.19,380.35,8.30,4.68,1,-1,-1,-1
276,15,481.64,299.06,11.22,3.77,1,-1,-1,-1
276,11,590.93,264.72,13.17,4.34,1,-1,-1,-1
276,10,701.66,262.90,21.44,5.93,1,-1,-1,-1
277,18,9.36,380.46,7.72,4.84,1,-1,-1,-1
277,15,483.40,298.73,11.10,3.75,1,-1,-1,-1
277,11,588.03,265.29,13.30,4.34,1,-1,-1,-1
277,10,704.81,262.45,21.11,6.11,1,-1,-1,-1
278,18,6.63,382.00,7.60,5.09,1,-1,-1,-1
278,15,487.03,298.51,10.63,3.58,1,-1,-1,-1
278,11,585.52,265.91,12.93,4.13,1,-1,-1,-1
278,10,707.05,262.12,21.37,6.14,1,-1,-1,-1
279,18,4.28,382.80,7.75,5.12,1,-1,-1,-1
279,16,606.52,275.84,5.17,3.29,1,-1,-1,-1
279,15,488.19,297.72,11.05,3.47,1,-1,-1,-1
279,11,582.84,266.21,12.90,4.02,1,-1,-1,-1
279,10,709.12,261.87,21.31,6.14,1,-1,-1,-1
280,18,2.23,383.44,7.75,4.92,1,-1,-1,-1
280,16,609.29,275.75,5.13,3.19,1,-1,-1,-1
280,15,490.82,297.61,10.63,3.43,1,-1,-1,-1
280,11,580.03,266.48,13.49,3.96,1,-1,-1,-1
280,10,711.88,261.77,21.14,6.18,1,-1,-1,-1
281,18,0.12,384.02,7.44,4.65,1,-1,-1,-1
281,16,611.59,275.67,5.41,3.10,1,-1,-1,-1
281,15,492.74,297.30,10.98,3.57,1,-1,-1,-1
281,11,577.48,267.10,13.07,3.90,1,-1,-1,-1
281,10,714.21,261.54,21.01,6.29,1,-1,-1,-1
282,18,-1.31,384.33,6.48,4.37,1,-1,-1,-1
282,17,296.20,500.69,4.17,5.47,1,-1,-1,-1
282,16,614.46,275.52,5.63,3.02,1,-1,-1,-1
282,15,495.79,297.08,10.76,3.51,1,-1,-1,-1
282,11,574.35,267.55,13.15,3.80,1,-1,-1,-1
282,10,716.58,260.45,21.23,6.39,1,-1,-1,-1
283,17,296.24,501.72,4.11,5.86,1,-1,-1,-1
283,16,616.82,275.13,5.47,2.91,1,-1,-1,-1
283,15,496.69,296.28,11.39,3.75,1,-1,-1,-1
283,11,571.60,268.00,13.06,3.88,1,-1,-1,-1
283,10,719.07,259.72,21.15,6.44,1,-1,-1,-1
284,17,296.81,503.33,3.81,5.68,1,-1,-1,-1
284,16,619.42,274.62,5.29,2.84,1,-1,-1,-1
284,15,499.27,296.01,11.03,3.82,1,-1,-1,-1
284,11,568.86,268.25,13.06,4.07,1,-1,-1,-1
284,10,721.37,259.55,20.70,6.32,1,-1,-1,-1
285,17,297.13,504.35,3.68,5.51,1,-1,-1,-1
285,16,621.90,274.31,5.61,2.86,1,-1,-1,-1
285,15,501.31,295.77,11.27,3.96,1,-1,-1,-1
285,11,566.03,268.35,13.42,4.28,1,-1,-1,-1
285,10,723.36,259.36,20.24,6.21,1,-1,-1,-1
286,17,297.58,505.57,3.60,5.49,1,-1,-1,-1
286,16,624.30,274.18,5.51,2.82,1,-1,-1,-1
286,11,563.54,268.41,13.31,4.48,1,-1,-1,-1
286,10,725.86,259.06,20.23,6.31,1,-1,-1,-1
287,17,297.96,506.65,3.44,5.33,1,-1,-1,-1
287,16,626.52,273.93,5.48,2.82,1,-1,-1,-1
287,11,561.54,268.44,12.88,4.68,1,-1,-1,-1
287,10,728.79,258.73,19.80,6.04,1,-1,-1,-1
288,17,298.05,507.64,3.39,5.33,1,-1,-1,-1
288,16,628.67,273.55,5.95,2.81,1,-1,-1,-1
288,10,730.74,257.89,19.92,6.04,1,-1,-1,-1
289,17,298.22,508.31,3.27,5.39,1,-1,-1,-1
289,16,631.34,273.31,6.13,2.81,1,-1,-1,-1
289,10,733.19,257.79,19.88,5.94,1,-1,-1,-1
290,16,633.65,273.05,6.01,2.87,1,-1,-1,-1
290,10,736.07,257.28,19.81,5.92,1,-1,-1,-1
291,11,550.59,271.79,12.36,4.52,1,-1,-1,-1
291,10,737.85,256.86,19.89,5.88,1,-1,-1,-1
292,11,547.47,272.08,12.46,4.33,1,-1,-1,-1
292,10,740.00,256.71,20.08,5.92,1,-1,-1,-1
293,17,299.11,512.58,3.03,5.28,1,-1,-1,-1
293,11,545.16,272.73,12.32,4.09,1,-1,-1,-1
293,10,742.52,256.57,20.01,5.89,1,-1,-1,-1
294,17,299.40,513.82,3.04,5.28,1,-1,-1,-1
294,11,541.76,272.89,12.88,3.98,1,-1,-1,-1
294,10,744.80,256.34,20.00,5.86,1,-1,-1,-1
295,17,299.74,514.76,2.95,5.02,1,-1,-1,-1
295,15,524.31,291.63,10.78,3.85,1,-1,-1,-1
295,11,539.09,273.21,13.10,3.99,1,-1,-1,-1
295,10,746.95,256.32,20.08,5.89,1,-1,-1,-1
296,17,300.00,516.00,2.96,5.11,1,-1,-1,-1
296,15,526.25,291.38,11.37,3.77,1,-1,-1,-1
296,11,536.88,273.53,12.84,3.94,1,-1,-1,-1
296,10,748.48,256.39,20.16,5.85,1,-1,-1,-1
297,17,300.18,516.62,3.14,5.48,1,-1,-1,-1
297,11,534.35,273.92,12.83,4.00,1,-1,-1,-1
297,10,750.96,256.87,20.25,5.81,1,-1,-1,-1
298,17,300.29,518.34,3.35,5.46,1,-1,-1,-1
298,11,531.58,274.43,13.09,3.94,1,-1,-1,-1
298,10,753.04,256.97,20.39,5.53,1,-1,-1,-1
299,17,300.30,519.52,3.51,5.30,1,-1,-1,-1
299,11,529.03,274.76,12.92,3.78,1,-1,-1,-1
299,10,755.46,256.20,20.66,5.48,1,-1,-1,-1
300,17,300.32,520.55,3.70,5.08,1,-1,-1,-1
300,11,526.72,274.88,12.77,3.67,1,-1,-1,-1
300,10,757.38,255.65,20.70,5.22,1,-1,-1,-1
301,17,300.32,521.47,3.90,4.99,1,-1,-1,-1
301,11,523.86,275.71,12.76,3.70,1,-1,-1,-1
301,10,760.02,255.71,20.50,5.12,1,-1,-1,-1
302,19,987.36,212.08,6.72,2.80,1,-1,-1,-1
302,11,520.98,276.10,12.67,3.83,1,-1,-1,-1
302,10,761.83,255.20,20.81,5.28,1,-1,-1,-1
303,19,984.82,212.26,6.54,2.97,1,-1,-1,-1
303,11,518.02,276.34,12.46,4.01,1,-1,-1,-1
303,10,763.91,254.79,20.72,5.36,1,-1,-1,-1
304,19,982.12,212.25,7.23,3.38,1,-1,-1,-1
304,11,515.58,276.49,12.85,4.34,1,-1,-1,-1
304,10,765.52,254.23,21.00,5.61,1,-1,-1,-1
305,19,979.28,212.38,7.33,3.77,1,-1,-1,-1
305,11,513.23,276.64,12.66,4.69,1,-1,-1,-1
305,10,767.96,253.76,20.99,5.88,1,-1,-1,-1
306,19,977.12,212.54,6.78,4.04,1,-1,-1,-1
306,11,510.64,276.54,12.58,4.92,1,-1,-1,-1
306,10,769.75,253.68,21.13,6.01,1,-1,-1,-1
307,11,507.84,278.09,12.38,5.05,1,-1,-1,-1
307,10,772.33,252.36,21.63,5.92,1,-1,-1,-1
308,11,505.77,278.85,12.12,5.03,1,-1,-1,-1
308,10,775.32,251.96,22.02,6.13,1,-1,-1,-1
309,11,502.37,279.47,12.61,4.80,1,-1,-1,-1
309,10,777.15,251.53,22.18,6.31,1,-1,-1,-1
310,11,499.82,279.80,12.81,4.62,1,-1,-1,-1
310,10,778.05,251.53,22.63,6.32,1,-1,-1,-1
311,11,496.98,280.48,12.91,4.51,1,-1,-1,-1
311,10,779.20,251.21,23.39,6.33,1,-1,-1,-1
312,11,493.34,280.89,13.80,4.57,1,-1,-1,-1
312,10,781.79,250.90,23.38,6.27,1,-1,-1,-1
313,11,490.91,281.22,13.87,4.47,1,-1,-1,-1
313,10,783.70,250.18,23.41,6.21,1,-1,-1,-1
314,11,489.35,281.59,13.31,4.29,1,-1,-1,-1
314,10,785.78,249.61,23.73,6.49,1,-1,-1,-1
315,11,486.74,281.98,13.22,4.11,1,-1,-1,-1
315,10,788.73,249.52,23.36,6.26,1,-1,-1,-1
316,19,950.07,218.24,7.21,3.11,1,-1,-1,-1
316,11,484.04,282.60,13.46,4.10,1,-1,-1,-1
316,10,791.00,248.99,22.63,6.00,1,-1,-1,-1
317,19,947.44,218.43,7.52,3.03,1,-1,-1,-1
317,11,481.48,283.02,13.52,4.03,1,-1,-1,-1
317,10,793.66,248.94,22.48,5.92,1,-1,-1,-1
318,19,944.66,218.95,7.50,3.02,1,-1,-1,-1
318,15,579.65,283.59,10.12,3.67,1,-1,-1,-1
318,11,479.04,283.67,13.15,4.00,1,-1,-1,-1
318,10,795.66,248.82,22.37,6.01,1,-1,-1,-1
319,19,941.60,219.60,7.36,2.98,1,-1,-1,-1
319,15,583.45,283.67,9.85,3.64,1,-1,-1,-1
319,11,475.97,283.77,13.76,4.14,1,-1,-1,-1
319,10,798.07,248.21,22.20,5.96,1,-1,-1,-1
320,19,938.88,219.91,7.46,3.00,1,-1,-1,-1
320,15,585.89,283.45,9.50,3.45,1,-1,-1,-1
320,11,473.14,284.12,13.39,4.22,1,-1,-1,-1
320,10,800.57,248.06,21.72,5.83,1,-1,-1,-1
321,19,936.10,220.18,7.24,3.07,1,-1,-1,-1
321,11,471.00,284.31,13.00,4.36,1,-1,-1,-1
321,10,802.61,247.62,21.83,5.98,1,-1,-1,-1
322,19,933.29,220.30,7.44,3.23,1,-1,-1,-1
322,11,468.05,284.41,13.01,4.57,1,-1,-1,-1
322,10,804.38,247.30,22.22,6.04,1,-1,-1,-1
323,19,930.96,220.45,7.01,3.42,1,-1,-1,-1
323,11,465.86,284.54,12.85,4.87,1,-1,-1,-1
323,10,805.95,246.92,22.47,6.07,1,-1,-1,-1
324,15,594.71,281.90,9.81,3.35,1,-1,-1,-1
324,11,463.16,286.19,13.01,4.97,1,-1,-1,-1
324,10,808.67,246.68,22.29,5.98,1,-1,-1,-1
325,15,596.91,281.31,9.78,3.24,1,-1,-1,-1
325,11,460.44,287.04,12.88,4.90,1,-1,-1,-1
325,10,810.56,246.81,21.50,5.68,1,-1,-1,-1
326,15,599.16,281.10,9.75,3.26,1,-1,-1,-1
326,11,457.86,287.66,12.79,4.67,1,-1,-1,-1
326,10,812.99,246.83,21.52,5.76,1,-1,-1,-1
